日期	最高温度℃	最低温度℃	平均温度℃	相对湿度(平均)	降雨量（mm）	日需求负荷（KWh）
20120101	19.5	12.1	15.8	63	0	306595.586
20120102	20	13	16	59	0	433730.0114
20120103	18.7	14.2	15.8	72	0	546110.0255
20120104	14.9	9.3	10.9	62	0	581355.2112
20120105	9.2	5.1	6.9	78	2.9	591234.7981
20120106	11	6.3	8.2	92	3.3	585933.9079
20120107	12.4	9.4	10.5	80	0	569117.5756
20120108	16.6	9.9	12.2	75	0	516896.723
20120109	17.3	9.4	12.4	75	0	548819.1317
20120110	17.1	9.4	13.2	73	0	551386.9834
20120111	16.7	11.6	14.5	68	0.4	541350.395
20120112	14.8	11.8	13.1	72	1.8	531319.1893
20120113	16.1	11.4	13.3	88	1	509604.5789
20120114	19.2	13.9	15.8	90	2.2	466885.0935
20120115	16.5	13.2	15	99	14.4	417195.1123
20120116	15.3	12	13.4	90	9.5	406676.6261
20120117	17.7	10.8	13.5	74	0	379858.6116
20120118	24.1	13	16.9	74	0	338332.4332
20120119	23.6	16.5	19.2	85	0	299096.7588
20120120	18.5	15.5	16.4	86	0	256524.5339
20120121	16.1	13.8	14.7	90	0	211083.6236
20120122	13.6	7.4	9.7	93	2.5	184195.1711
20120123	8.9	5.2	7	87	7.5	170880.0583
20120124	8	6	6.7	90	1.9	177393.8077
20120125	7.3	4.5	6.1	77	1.3	194357.115
20120126	7.7	4.5	6.1	86	0.8	217649.2653
20120127	11.4	7	8.7	93	0	224845.3996
20120128	20.2	10.6	13.8	90	0.1	245128.5361
20120129	15.4	10.9	12.8	82	0	265558.5017
20120130	17.9	11.8	13.8	67	0	326358.9406
20120131	17.5	11.1	13.7	57	0	373947.4573
20120201	18	6.5	12	67	0	420499.6089
20120202	15	10.2	12.6	68	0	456526.5826
20120203	10.3	7.1	8.6	76	1.7	482014.8668
20120204	15	8.2	10.7	75	0	476324.1351
20120205	18.9	12.1	14.8	79	0.1	429846.7752
20120206	25.6	14.9	18.5	81	0	464888.7667
20120207	20.5	9.6	12.6	69	11	515061.7625
20120208	11.1	6.8	9	59	0.2	538299.5872
20120209	12.4	5	7.9	61	0.1	545467.2671
20120210	10.8	6.3	9	79	0.1	559435.8398
20120211	9.8	5.2	7	72	0	545443.2395
20120212	13.1	6.6	9.2	79	0	479908.0498
20120213	26.6	10.2	16.6	71	0	544931.2765
20120214	25.2	17	20.2	78	0	568043.4632
20120215	27.5	19.5	22.1	80	0.1	577969.1243
20120216	21.1	10.4	13.9	64	0	578373.0254
20120217	14.6	8.9	10.5	57	0	583104.9183
20120218	15.9	8	10.6	52	0	564016.0351
20120219	16.3	8.1	11.5	47	0	494408.8073
20120220	18.6	8.7	13.8	59	0	569015.8572
20120221	24	14.8	18.2	66	0	593434.7433
20120222	21.8	17.4	19.3	89	11.8	599951.7864
20120223	26.4	19.7	22.1	86	0	602974.3296
20120224	24.2	15.3	20.8	88	7	605699.0892
20120225	15.6	9.6	12.7	83	12.9	580120.6501
20120226	9.8	6.9	8.2	75	2.4	505325.3207
20120227	7	5.3	6	82	1.4	586919.8529
20120228	12.8	5.2	8.2	81	32.1	607814.6433
20120229	13.1	9.2	11	86	7	598766.4189
20120301	17.4	12.1	13.9	87	0	587180.8814
20120302	26.1	15.1	19.1	79	0	605129.86
20120303	19.7	13.1	15.8	79	0	587030.0964
20120304	22	15.3	17.7	87	1.4	507314.3327
20120305	23.2	18.6	20.4	88	0.1	593432.8027
20120306	21.9	18.7	20	90	1.4	630838.6558
20120307	22	12.8	16.5	91	31	629351.1981
20120308	13.1	11.1	11.9	91	18.5	615536.4408
20120309	11.2	9.2	10.3	79	1.7	619568.4566
20120310	12.1	7.4	9.6	70	0.7	594479.5325
20120311	11	8.2	9.3	82	8.1	524287.2003
20120312	12.5	9.1	10.7	85	4.6	600805.6548
20120313	13	10.7	11.5	87	2	626518.3098
20120314	17.3	11.3	13.6	85	0.5	626076.4757
20120315	23.6	14.4	17.5	84	0.8	618822.1644
20120316	25.8	17.7	20.3	85	0	625578.7824
20120317	28.4	19.4	22.8	80	0	611286.7326
20120318	30	20	24.3	75	0	536615.4361
20120319	27.4	19.8	23.3	78	0	613053.5055
20120320	25.6	19	21.9	74	0	634181.1179
20120321	54.9	19	21.3	79	0	631828.9011
20120322	27.6	18.6	22.3	68	0	633154.6849
20120323	24.4	12.1	19.1	74	0.4	631196.1672
20120324	20.9	11.3	15	46	0.2	595362.1062
20120325	24.3	10.4	16.9	48	0	520627.7392
20120326	25.8	9.9	17.1	53	0	593833.6585
20120327	54.9	10.9	18.3	48	0	622808.9177
20120328	28.1	13.8	20.2	53	0	628707.0744
20120329	27.5	17.3	21.8	57	0	630800.1211
20120330	25.5	18.3	22	69	0	628385.3288
20120331	23.2	18.3	21	61	5.9	585920.6878
20120401	26	17.1	21.1	60	0	531687.4456
20120402	26	18.8	21.7	70	0	589470.3534
20120403	28.2	21.4	24.3	77	0	577405.2394
20120404	27	21.6	23.8	70	0	376579.8366
20120405	22.9	19.8	21.1	88	30.7	546206.9514
20120406	20.5	19.1	19.9	96	26.2	615666.8075
20120407	21.7	17.3	19.2	88	2.4	601560.7572
20120408	20.1	17.2	19	90	8.7	534777.5843
20120409	26.7	17.9	21.1	90	10.7	605692.9403
20120410	29.1	21.2	24.3	81	0	642960.9532
20120411	30.5	22	24.8	81	0	658615.8571
20120412	28.8	22	25.2	81	0	671566.4029
20120413	28.7	21.3	24.6	87	71.4	674561.5725
20120414	29.4	21.9	25	89	1.1	651922.0768
20120415	28.7	24.7	26.1	84	0	568243.0498
20120416	29	22.9	25.3	90	4.7	658683.4087
20120417	23.2	20.5	22.3	91	17.5	652691.152
20120418	23.1	20.6	21.3	90	3.4	645452.2465
20120419	22.6	20.7	21.7	96	36.3	645282.16
20120420	21.9	20.7	21.2	97	40.2	639826.7247
20120421	28.5	19.9	23.1	81	0	623527.0877
20120422	30.5	21	24.7	69	0	554364.4491
20120423	27.9	22.6	24.5	79	1.7	639950.3883
20120424	28.4	22.7	26.1	85	3.7	683751.198
20120425	29.3	23.5	26.9	87	10.2	702421.7076
20120426	28	20.8	24.1	75	4.1	677476.2443
20120427	25.6	20.3	22.7	86	49.3	661913.8068
20120428	27.2	20.5	23.1	90	19.9	640627.7629
20120429	29.8	22.2	26.1	87	16.6	594271.3286
20120430	30.8	26.5	27.9	84	0	519058.8737
20120501	31	26.8	28.5	83	0	375455.6298
20120502	32.3	26.8	28.9	82	0	617809.3421
20120503	30.1	23.7	26.9	89	76.6	712075.59
20120504	32.5	24.1	27.2	86	4.9	729746.6362
20120505	28.3	23.1	25.6	90	83.5	683837.7388
20120506	30.7	23.6	25.8	85	0.7	599372.8041
20120507	30.5	23.7	26.5	81	0	694160.0253
20120508	31.5	24.9	27.9	80	0	749042.3089
20120509	34	25.5	29.2	77	0	780198.8921
20120510	33.6	23.8	29	78	19.4	786797.5275
20120511	29.2	24.8	26.1	89	13.1	756029.8029
20120512	30.6	23.7	26.6	80	0	712956.4548
20120513	29.6	24.7	26.5	86	24.8	613991.4693
20120514	32.1	24.2	27.6	81	0	730249.6746
20120515	32.5	25.5	28.1	82	4.4	763878.4315
20120516	31.2	23.7	26.4	88	39.7	751334.7924
20120517	29.5	25.1	26.8	87	0.2	754220.6246
20120518	27.4	24.7	25.7	92	3.6	734915.1074
20120519	31	23.5	25.8	89	8	699906.9319
20120520	32.5	24.8	27.3	86	4	618710.037
20120521	28.6	24.4	26.3	79	2.2	697491.6824
20120522	29.1	23.1	26.1	65	0	715239.8697
20120523	31	23	26.6	64	0	728518.7869
20120524	31.5	23.7	27.4	63	0	747066.1836
20120525	32	25.1	27.9	75	0	764186.9547
20120526	29	26	27	82	0.5	724424.9651
20120527	31.3	25	26.8	85	17.9	620664.6072
20120528	26.8	25.1	25.8	94	1.5	699706.1216
20120529	29.2	24.5	26.5	78	0.1	716731.3562
20120530	31	24.5	27.1	78	16.8	732453.1265
20120531	28.8	24.1	25.8	86	13.7	704377.0076
20120601	30	23.5	26.2	74	0	692227.8633
20120602	30.6	24.5	26.7	78	0.1	680873.3556
20120603	28.3	24.6	26.2	80	0	579167.4892
20120604	31	24.7	27.2	78	0	701671.856
20120605	32.2	25	28.2	74	0	752634.8699
20120606	32.9	25.5	28.8	72	0	774687.1494
20120607	33.4	25.8	29.1	73	0	790914.6474
20120608	33	26.3	29	76	0	797247.6481
20120609	33.1	26.6	29.3	81	0	773915.388
20120610	32	26.6	28.9	82	23	665959.3983
20120611	31.3	26.6	28.8	83	11.2	766530.4764
20120612	31.7	25.5	27.9	86	9.8	775751.392
20120613	30.4	24.9	26.6	89	0.3	756857.5177
20120614	32.2	24.2	27.4	79	0	759339.7095
20120615	32.6	24.2	27.9	80	26.3	771666.6851
20120616	29.2	24.8	26.8	87	2.2	728392.998
20120617	30.4	24.5	26.6	88	8.5	615091.3136
20120618	31.6	25	27.9	80	1.8	732166.2522
20120619	33	26.2	29.1	73	0	781340.4819
20120620	35.1	26.8	30.1	70	0.1	807380.8253
20120621	30	24.5	27.2	88	64.9	788453.0654
20120622	29.2	25	26.3	93	34.8	707558.2674
20120623	29.1	25.8	27.2	89	8.2	436067.1441
20120624	29	24.6	26.7	91	48.5	497848.1906
20120625	30.1	26.3	28	84	2.9	691213.4521
20120626	30.2	27.3	28.2	84	0.6	748550.1975
20120627	31.8	27	29.1	75	0	770939.5878
20120628	33.9	25.9	28.8	76	0	785454.5211
20120629	35	25.9	29.7	74	0.1	783152.9341
20120630	30.8	24.8	26.9	84	21.6	693498.907
20120701	31.6	24.6	27.6	80	0.3	586846.6836
20120702	32.2	26	28.7	74	0	736154.8462
20120703	32	25	28.5	75	0	785507.9978
20120704	33.4	25.2	28.5	77	8.6	804510.1558
20120705	30.8	25.6	27.7	84	2.6	797650.4724
20120706	31.4	25.9	27.8	84	0.5	785821.3207
20120707	30.9	25.5	27.8	83	0.1	744947.6749
20120708	30.9	25.5	27.8	82	6.7	638566.902
20120709	32.9	25.8	29	76	0	767266.1643
20120710	32.5	26.2	29.2	76	0	814759.1483
20120711	33.1	26.8	29.5	76	0	828314.4356
20120712	32.7	26.5	29.5	74	0	827724.9713
20120713	31.9	26.6	28.6	81	8.1	828713.5825
20120714	33.4	26.5	29.4	78	0	789588.6667
20120715	33.2	27.5	30	77	0	686199.3994
20120716	32.2	27.2	29.7	80	0	810083.3701
20120717	32.6	27.9	29.7	77	0	837755.1378
20120718	32.5	25.2	29.1	81	2.6	831382.7837
20120719	34.6	25.8	30	76	1.3	842507.4108
20120720	34.4	27.5	29.9	77	0	847606.0027
20120721	36.4	27.8	31.6	67	0	813388.763
20120722	33.8	25.4	28.7	81	18	684457.5864
20120723	29.5	26.1	27.7	78	0.5	754218.564
20120724	27.7	24.6	25.8	93	67.6	727201.9265
20120725	27.5	23.7	25.2	96	57.2	717388.405
20120726	25.7	23.6	24.5	98	3.9	701581.7324
20120727	27.4	24.1	25.2	94	5.3	698813.5418
20120728	30.9	24.7	26.5	90	0.3	679394.8162
20120729	33	25.1	28.3	81	0	603641.1699
20120730	34.3	25.5	29.3	75	0	751344.0414
20120731	35.8	26.2	30.3	72	0	789516.7445
20120801	36	23.1	30.3	71	26.5	794412.6921
20120802	35.6	27.8	31.9	61	0	841718.7238
20120803	33.9	28	30.9	63	0	849802.5783
20120804	31.3	27.8	29.5	75	0	793555.8676
20120805	31	26.2	28.5	82	1.8	651054.2872
20120806	30.8	24.7	26.9	87	12.3	755749.9234
20120807	34.5	25.8	29.4	79	0.1	818471.6815
20120808	35.1	27.3	31	67	0	842567.9585
20120809	34.2	26.7	29.8	75	0.2	847045.0734
20120810	33.2	26.8	29.6	79	0	835794.5076
20120811	32.9	25.8	28.6	82	0.7	773195.0642
20120812	31	24.7	27.6	86	3	642359.2756
20120813	30.3	24.3	26.4	94	40.7	739695.5794
20120814	32.9	25.3	28.1	86	0.3	780334.1593
20120815	34.9	25.8	30	75	0	810027.8067
20120816	33.6	26.6	29.6	77	0.7	813043.372
20120817	31.3	25.4	27.7	82	5.1	786128.0034
20120818	30.7	26.6	27.7	87	0	736482.6136
20120819	34	25.8	28.9	82	0	637141.0195
20120820	33.9	26.5	29.4	78	0	770485.1035
20120821	33.6	26.2	29.4	76	0	806598.3972
20120822	31.1	24.2	26.1	92	10.5	771039.0918
20120823	33.4	24.8	28.2	79	0.4	774475.9305
20120824	32.7	26.1	29.2	69	0	791369.3584
20120825	32.8	25.9	29	65	0	752750.8327
20120826	32.5	27.2	30	62	0	656026.082
20120827	35	26.2	30.7	57	0	780415.9237
20120828	35.8	27.8	31.4	60	0	834218.9111
20120829	33.4	27	29.5	79	3.2	835141.4663
20120830	33.3	24.5	28.9	84	49	821668.9776
20120831	32.2	25.9	28.5	83	5	789717.1692
20120901	32.1	25.5	27.8	80	1.7	715373.6301
20120902	33.2	26	28.8	72	0	618386.4681
20120903	32.3	25.8	28.2	76	0	752003.7371
20120904	32.4	25	28	79	8.2	780995.2323
20120905	32.2	24.8	27.4	82	1.1	774408.3524
20120906	32.4	25.9	28.5	75	0.9	792935.0794
20120907	30.5	26.8	28.2	83	0.1	794736.649
20120908	33.5	25.5	28.8	79	0	762074.4402
20120909	33.3	26.5	28.9	81	0.4	671250.1477
20120910	33.8	26.2	29.1	78	0	779399.274
20120911	33.7	26.4	29.8	72	0	814800.3299
20120912	32.4	25.5	28	80	17.3	808613.1795
20120913	33.4	25.4	28.1	79	0	799840.0657
20120914	28.3	23.3	25.1	64	8	718681.4499
20120915	29	22.1	25	60	0	666667.0062
20120916	29.9	21.3	25.8	57	0	569338.3813
20120917	29.6	22.3	26.1	44	0	670198.3451
20120918	30	23.9	26.7	48	0	711657.6482
20120919	29.9	25	27	60	0	728158.0498
20120920	30.1	24.2	26.7	71	0	734226.4456
20120921	32.2	25	28.1	68	0	756557.4338
20120922	33.6	25.8	28.7	70	0	750699.2421
20120923	32.6	26	28.7	78	0	678998.9958
20120924	33	24.5	27.6	87	74.2	761220.4078
20120925	27.4	24.2	25.4	92	5.9	739321.329
20120926	30	24.4	26.6	82	0	740696.5637
20120927	31.6	24.4	27.7	63	0	740450.022
20120928	30.4	24.9	27.6	52	0	706958.2116
20120929	29.9	23.7	26.8	53	0	599861.9101
20120930	28.8	21.8	25.5	46	0	328270.712
20121001	28.8	22.2	25.1	49	0	277691.8841
20121002	29.7	21.9	25.5	62	0	320709.8111
20121003	30.6	21.9	25.5	69	0	389066.8769
20121004	29.9	22.5	25.8	70	0	528679.7922
20121005	30.3	22.7	26	68	0	619450.0253
20121006	30.1	22.8	26.4	67	0	645970.9679
20121007	30.2	24.1	26.8	64	0	604604.1223
20121008	30.5	24	27.2	63	0	698341.2155
20121009	30.8	22.9	26.9	64	0	723709.6733
20121010	29.4	23.6	26.7	49	0	710527.3546
20121011	29	21.6	25.5	48	0	700166.4036
20121012	29.7	21.6	25.4	59	0	702771.7431
20121013	29.7	21.6	25.2	71	0	676768.662
20121014	30.6	22.6	26	74	0	580960.9169
20121015	30.2	23.5	26.3	76	0	690905.3316
20121016	30.4	23.6	26.3	73	0	716648.7661
20121017	28.1	23.8	25.6	71	0	709090.9337
20121018	25.7	20.5	23.2	47	0	669958.1874
20121019	29.4	20.9	24.7	66	0	683409.8247
20121020	29.8	20.9	24.9	67	0	659269.1004
20121021	30.1	21.6	25	65	0	560042.9963
20121022	30.4	20.9	25.2	66	0	667003.7916
20121023	30.5	22.4	26	70	0	703035.8572
20121024	30	22.4	25.8	67	0	705203.7514
20121025	30.2	22.4	25.6	72	0	710691.2731
20121026	27.3	21.8	24.6	74	3.6	696331.8153
20121027	27.8	22	24.5	80	0.9	659510.9043
20121028	30.8	22.7	26	68	0	564491.1581
20121029	27.9	24.1	25.7	73	0	663734.4213
20121030	26.1	20.7	23	93	14.9	666308.9466
20121031	24	16.8	20	69	9.2	614786.4643
20121101	23.3	15.5	19.6	53	0	603943.3953
20121102	25.7	16	20.6	63	0	628311.0502
20121103	28.4	19.6	22.7	69	0	612117.4798
20121104	26	20.6	23.2	64	0	509306.8913
20121105	25	18.9	22	56	0.2	614536.8125
20121106	26.7	19.5	23	50	0	651710.0996
20121107	25.8	20.1	22.9	66	0	660046.2762
20121108	26.8	20.8	23.4	73	0	667831.6815
20121109	29.1	22.3	25.1	78	0	681092.6817
20121110	30.1	22.4	25.8	78	0	658843.8987
20121111	25.6	17.1	19.8	80	26.8	517119.9977
20121112	20.6	17	18.5	68	0	607638.8972
20121113	26.5	17.7	21.7	71	0	646797.49
20121114	26.7	20.3	22.7	80	0	654121.6138
20121115	27.3	19.9	23.2	69	0	654400.2606
20121116	25.5	21.8	23.5	74	0.2	653220.5686
20121117	24.2	16.5	19.3	78	10.5	602957.4494
20121118	19.9	17.1	18.4	68	0	498220.9239
20121119	25.7	17.7	21.2	72	0	607023.8018
20121120	22.4	19.3	20.8	80	0.7	637985.4648
20121121	24.1	19.9	21.8	87	0.2	646958.1236
20121122	28.5	21.8	24.6	87	0.1	665371.1857
20121123	25.7	18.9	22.2	80	16.5	647118.3203
20121124	18.9	13.5	15.3	89	19.8	600883.1935
20121125	21.3	16	18.6	94	0.4	505054.2599
20121126	20.8	13.6	17.7	97	5.9	601576.9196
20121127	13	10.8	11.9	96	22.2	625982.4546
20121128	15.7	12.8	14.4	96	1.4	629830.5673
20121129	19.4	15.7	17	95	34.8	627428.1013
20121130	18.4	16.8	17.6	99	19.4	613350.4966
20121201	18.6	16.3	17.1	97	0.3	567020.1544
20121202	18	13.8	15.7	92	10	475276.5078
20121203	16.1	12.8	14	94	NaN	587898.8354
20121204	15.1	11.9	13.2	85	3	628891.8088
20121205	15.3	13.2	14	88	9.6	632605.0524
20121206	17.6	11.3	14.7	65	0.1	632195.1894
20121207	21.9	14.5	17.8	65	0	626087.6414
20121208	21.7	16.7	19	65	0	598736.137
20121209	22	14.8	18.4	63	0	498713.7732
20121210	21.6	15.7	18.1	71	0	594376.3714
20121211	18.9	14.9	16.6	74	0	625124.7724
20121212	17.7	12.6	14.7	71	0	626366.6658
20121213	22.8	14.9	17.6	71	0	625820.9645
20121214	26.2	16.4	20.5	77	0	630718.6516
20121215	27.2	18.8	22.1	83	0	607668.4917
20121216	28.2	20.2	23.1	83	0	509802.7243
20121217	24.2	20.6	21.7	87	2.9	606084.9818
20121218	21	12.7	16.2	82	3.8	632241.6889
20121219	13.8	9.5	11.6	70	0	629427.6444
20121220	20.3	13.2	15.9	80	0	633192.1856
20121221	24.5	17.8	20.1	85	0	627723.4825
20121222	17.8	12	14.5	80	0	606552.6079
20121223	14	9.1	11.2	56	0	523481.0783
20121224	14.9	5.8	9.7	59	0	608322.8222
20121225	18.5	9.5	13.6	66	0	624656.041
20121226	20.3	15.1	17.4	65	0	627438.0502
20121227	18.1	14	15.2	85	0.7	628788.6214
20121228	22.6	14.3	17.6	77	0	617506.9879
20121229	22.3	10.2	18.3	80	0.4	589388.6755
20121230	11.9	6.8	8.8	61	3	525648.092
20121231	12.5	4.1	8.3	28	0	449472.2081
20130101	13.2	8.3	10.7	46	0	306132.3203
20130102	19.1	11.9	14.5	49	0	489368.5994
20130103	16.8	11.9	14.9	64	0	593443.9592
20130104	11.9	6.9	8.6	75	0	631328.0471
20130105	11.8	6.1	8.8	77	0	618985.092
20130106	13.2	8.7	10.5	73	0	554283.2665
20130107	16.8	9.3	11.9	71	0	612758.1623
20130108	18.5	11.9	14.4	68	0	631017.5121
20130109	15.4	11.3	13.1	63	0	635588.6069
20130110	15.2	9.7	12.1	56	0	637868.9973
20130111	17.2	12.3	14.1	58	0	631716.2933
20130112	18.5	10.4	14	68	0	608153.5034
20130113	19.5	11.6	15.1	68	0	524083.3509
20130114	19	9.4	13.9	60	0	599648.9456
20130115	18.3	10	14	73	0	619923.324
20130116	22.5	11.8	16.2	70	0	617823.0917
20130117	19.4	13.1	16	69	0	620644.537
20130118	16.1	11.5	13.5	58	0	619735.6302
20130119	19.1	8.6	13.3	63	0	597184.2012
20130120	20.7	13.4	16.7	70	0	525661.0696
20130121	24.3	17.1	20.1	76	0	587900.297
20130122	25.3	16.9	20.5	80	0	604350.6375
20130123	21.5	16.3	18.6	72	0	596546.4917
20130124	23.6	15.3	19	75	0	593043.4238
20130125	20.7	14.4	17.3	66	0	582488.4257
20130126	19.4	14.6	17	81	3.8	557739.2851
20130127	20.3	14	16	70	3.2	491855.1396
20130128	20.2	12.4	16.2	67	0	536860.4806
20130129	23.4	14.5	17.8	66	0	540944.1488
20130130	23.6	14.8	18.3	73	0	524189.4724
20130131	24.6	15.3	18.9	64	0	492239.3765
20130201	26.6	16.5	21	67	0	457517.3306
20130202	28.1	18	21.9	68	0	420816.1924
20130203	22.8	18.9	21	71	0	372730.5455
20130204	23.9	19.9	21.5	84	0	363174.5714
20130205	26.6	20.4	22.3	89	2.5	340145.0959
20130206	26.1	20.3	22.3	84	0	301822.0891
20130207	26.4	19.4	22.1	78	0	266266.2945
20130208	21.2	11.7	16	89	3.3	219859.6304
20130209	13	8.3	10.5	73	0	179992.0682
20130210	15.4	10.1	12.2	72	0	161613.4785
20130211	21.7	14.5	16.9	73	0	165007.2662
20130212	21.7	15.6	17.9	74	0	176635.5212
20130213	21.6	12.3	15.5	63	0	193342.2774
20130214	23.5	16.2	18.9	75	0	215819.5187
20130215	23.9	16.4	20.1	77	0	241452.4577
20130216	17.9	14.1	16	73	0	262442.4451
20130217	21.9	16	18	76	0	286006.9644
20130218	24.8	16.6	19.9	83	0	368121.6964
20130219	26.5	16.5	19.8	83	0	426999.0941
20130220	17	13.1	15.2	65	0	455552.7464
20130221	21.5	14.4	17	64	0	480541.0535
20130222	21.2	14.2	17.2	66	0	499623.0746
20130223	19.7	12.7	16	62	0	494299.0632
20130224	22.2	14.3	17.8	69	0	421763.5261
20130225	25.6	18.8	21.6	66	0	515857.9413
20130226	25.3	19.7	22.5	73	0	552091.3943
20130227	26.8	20.6	22.8	83	0	568843.9691
20130228	23	20.4	21.4	84	0	568029.9136
20130301	23.3	18.8	20.7	88	0	578015.6239
20130302	21.8	14.2	18.1	83	0.4	566172.5497
20130303	15.5	11.2	12.9	63	0	482632.3082
20130304	20.9	10	14.4	49	0	569562.6671
20130305	24.2	13	17.9	47	0	601173.0711
20130306	25.6	14.2	19.2	45	0	608521.637
20130307	26.7	14.7	20.3	56	0	616033.0615
20130308	28.5	16.3	21.9	53	0	617257.7511
20130309	26	16.5	21.6	49	0	601167.002
20130310	28.4	16.4	21.5	64	0	511038.4728
20130311	26.1	18.1	21.7	68	0	604414.5591
20130312	27.2	17.6	21.6	72	0	633584.8553
20130313	26.7	19.6	22.7	78	0	642486.7634
20130314	22.8	19.7	20.9	73	0	639930.9542
20130315	23.1	18.1	20.2	73	0	634776.1884
20130316	25	17.9	20.9	72	0	610660.1787
20130317	25.2	18.3	21.4	74	0	516088.158
20130318	26.3	21.4	23.2	84	0	622604.3844
20130319	26.2	22.5	23.6	89	3.5	661595.4702
20130320	25.6	19.3	22.7	90	15.7	652012.4508
20130321	24.6	19.4	21.5	84	0	648588.9097
20130322	27.8	19.6	22.6	78	0	658665.0921
20130323	28.3	21.1	23.5	83	0	641218.9604
20130324	26.8	21.7	23.5	86	1	547332.5025
20130325	24.4	21.1	22.8	81	0	634644.0203
20130326	21.7	18.3	20.3	86	8.5	652544.0862
20130327	21.1	17.2	19.2	88	12.9	645513.2902
20130328	19.6	17.4	18.4	94	38.5	646543.5213
20130329	22.6	17.5	19.7	91	20.7	642732.1526
20130330	21	17.7	19.1	93	53.4	616193.204
20130331	20.9	18.3	19.4	94	0.3	513372.0041
20130401	25.1	18.7	20.8	85	0.6	603407.8381
20130402	22.8	20.2	21.1	94	8	645545.0645
20130403	21	17.8	19.5	91	19.6	625448.6187
20130404	22.3	18.9	20.5	88	0	385022.5192
20130405	24.2	20.4	21.8	97	13.1	520914.6492
20130406	23.1	16.5	19.5	78	2.5	583985.9237
20130407	19.8	12.8	16.2	51	0	558978.1859
20130408	18.3	16.1	17.1	69	0	624784.0249
20130409	21.9	15.7	18.2	89	23	646372.4508
20130410	19.4	16.5	17.8	88	3.5	651742.6264
20130411	17.7	16	16.8	94	34.9	655238.9054
20130412	21.5	15.3	17.5	78	4	651830.181
20130413	22.9	15.8	19.3	70	0	630104.1203
20130414	27.1	18.8	21.9	66	0	529708.3731
20130415	29.6	18.7	23.4	68	0	630512.3811
20130416	24	20.5	22.1	88	0.3	663302.2222
20130417	27.1	23.1	24.5	91	2.5	681202.7707
20130418	27.2	23.6	25.1	89	1.3	693920.898
20130419	28.9	23.9	25.8	89	0.2	709940.4421
20130420	29.9	22.2	25.4	84	1.2	682418.0742
20130421	23.2	19.8	21.1	87	30.4	550487.0921
20130422	22.9	18.7	20.5	86	4.5	640462.2289
20130423	28.1	20.4	23	82	0.1	678195.4668
20130424	29.9	22.3	25	81	0	697645.2377
20130425	30.5	22.3	25.3	86	19.9	713132.873
20130426	22.5	19.6	20.7	93	13.8	675452.4623
20130427	25.2	19.5	21.5	81	0	655720.1625
20130428	26.6	21.5	23.4	82	0	614869.2443
20130429	28.2	22.8	25.1	82	0	644000.7017
20130430	29.3	21.4	24.4	90	22.9	565800.8707
20130501	26.7	20	22.6	84	0	335173.6208
20130502	21.3	18.3	19.9	69	0.5	509380.0983
20130503	20.9	18	19.3	80	0.5	620341.7478
20130504	21.7	17.7	19.2	90	0.8	626591.2349
20130505	26.9	19.4	22	84	0.9	561828.2519
20130506	27.5	22.5	24.2	84	0	653286.5884
20130507	27.9	22.1	24.7	82	0.6	693183.9893
20130508	24.9	21	23.4	89	112	692171.34
20130509	30.6	22.4	26	86	2.8	715844.828
20130510	28.6	22.9	24.9	92	48.1	722595.0635
20130511	30.4	23.1	26.1	83	0	695627.3663
20130512	29.7	24.6	25.9	86	0	575861.7365
20130513	31	23.8	26.5	82	0	703850.5424
20130514	30.8	24.4	26.9	82	0	748469.2939
20130515	31.3	26.3	28.3	82	0	769831.408
20130516	29.3	23.4	27.3	87	23.9	763175.7135
20130517	29.1	23.8	26.1	91	25.9	752699.1812
20130518	32.4	26	28.7	87	0.5	751809.6391
20130519	32.5	24	29	83	33.7	642974.4156
20130520	30.7	22.9	25.9	92	48.4	742145.4418
20130521	27.6	23.4	25.1	95	7.5	745419.1603
20130522	26.2	23.8	24.8	97	101.4	727848.588
20130523	30.5	24.4	26.5	88	0	748626.7883
20130524	31.8	24.6	27.6	83	0.3	774502.6997
20130525	28.8	24.4	26.4	89	5.5	725402.0784
20130526	29.6	23.6	26.7	88	8.3	605496.0419
20130527	32	27.3	28.9	84	0	756747.881
20130528	32.5	26.7	29.4	81	0	811839.2398
20130529	32.2	27.6	29.5	79	2.8	826822.1534
20130530	32.9	26.7	29.4	78	0	826687.7248
20130531	33.8	26.6	29.7	75	0	812676.2877
20130601	33.8	26.2	29.7	74	0	757326.8499
20130602	34.1	26.1	30	72	0	657787.7952
20130603	35	27	29.9	72	0	800892.7935
20130604	32.5	25.1	27.8	83	9.7	812329.221
20130605	31.3	23.9	26.3	87	21.8	783976.1236
20130606	30.8	24.6	27	84	1.1	781950.5674
20130607	31.9	25.3	28.7	80	1.6	817341.0609
20130608	32.2	27.3	29	81	0.2	810579.2166
20130609	32.5	27.5	29.2	83	0.7	746504.8587
20130610	30.9	24.4	27.5	91	15.7	774740.471
20130611	26.2	21.6	23.6	91	15.4	651179.5106
20130612	28.3	22.4	24.5	75	0	389404.0972
20130613	27.2	22.9	24.7	76	0.2	613533.9793
20130614	28.2	23.6	25.3	86	2.5	712155.6431
20130615	26.8	24.7	25.6	95	13.5	698038.6361
20130616	30.9	25.4	27.7	86	3.5	626232.2369
20130617	32.1	26.3	28.6	82	0.4	761573.0569
20130618	33.7	26.1	29.4	76	0	817728.3574
20130619	35	26.7	30.1	74	0	848044.4084
20130620	36.3	27.5	31.1	70	0	869885.4717
20130621	35	26.8	30.1	73	3	870511.9467
20130622	30.1	25.3	27.9	82	4.7	798115.6041
20130623	30.1	24.9	27.1	88	16.2	663065.4165
20130624	27.8	24.5	25.8	94	18.6	740066.1245
20130625	31.5	26.4	28.8	83	0.9	797830.8141
20130626	32.3	28	29.7	78	0	831290.3272
20130627	32.4	27.9	29.8	77	0	848345.6671
20130628	32.3	28.1	29.7	78	0	844531.2331
20130629	32.8	28.2	29.9	76	0	797737.5683
20130630	33.9	26.8	29.9	77	4.2	671432.6505
20130701	32	25.2	28.1	78	22.6	771955.0486
20130702	31.9	24.7	27.7	81	4.2	809576.7306
20130703	32.3	26	29	76	0	840544.0977
20130704	32.5	26.3	29.4	72	0	857137.4637
20130705	34	26.9	29.8	71	0	863141.8591
20130706	31.4	26	28.1	81	6	810201.4747
20130707	31.2	25.3	27.6	84	9.3	669448.0879
20130708	31.7	25.1	28.1	78	0.6	790361.6814
20130709	32.7	25.7	28.9	72	0	832669.0951
20130710	32.1	24.8	27.9	79	6	822238.4132
20130711	33.9	25.5	29.3	73	0	843225.966
20130712	34.7	26.2	30.3	71	0	867859.1719
20130713	35.8	28	31.7	68	0	854544.2161
20130714	32.7	28.8	30.1	76	1.1	715761.8293
20130715	29	23.4	26.6	90	67.4	791433.7381
20130716	27.5	24.1	25.5	93	20	780936.1455
20130717	30.4	24.4	25.9	90	13.4	777881.6063
20130718	32	23.9	26.9	83	0	784602.9783
20130719	31.2	25.9	28.1	80	0	807697.352
20130720	30.8	25.2	26.7	93	22.2	760120.1604
20130721	32	25	27.5	85	0.5	636451.7142
20130722	33	25	28	82	8	779022.7881
20130723	30.9	25.9	27.7	86	9.7	815759.9718
20130724	28.7	25	26.5	89	14.9	793135.2326
20130725	28.8	24.9	25.9	92	12.9	776058.8244
20130726	27.7	23.8	25.8	91	21.5	760939.1979
20130727	31.5	24.9	26.8	88	15.7	736448.664
20130728	31.9	24.8	27.3	85	9	627138.4956
20130729	33.2	24.7	28.3	78	0	768610.9016
20130730	34.1	26.3	29.7	73	0	823763.4885
20130731	34	26.6	29.7	71	0	819877.3791
20130801	32.2	24.6	28.3	78	7.6	803987.8322
20130802	30.2	25.5	27.1	84	5.2	798489.1186
20130803	30.2	25.1	26.8	91	7.6	743514.0744
20130804	32.6	25.7	28.9	78	0	639403.2056
20130805	34.2	25.6	29.5	72	0	801058.7125
20130806	34	26	29.9	72	0	859860.9878
20130807	33.2	26.8	29.2	76	0.6	868358.055
20130808	33.2	26.3	29.3	72	0	858049.5716
20130809	34.8	26.3	30	73	0	876624.1777
20130810	34.6	27.2	29.6	81	0.4	836193.7166
20130811	34.5	24.5	28.8	67	0	683122.3176
20130812	35.1	27.1	30.6	66	0	836135.9799
20130813	30.9	26.3	28.3	82	4.8	850719.1046
20130814	27.7	24.9	25.9	91	20.5	782228.4511
20130815	28.8	25.1	26.9	88	65.4	766368.1571
20130816	27.8	25.1	26.5	93	236.1	751534.9024
20130817	28.7	24.8	26.9	91	27	710139.0535
20130818	28.1	25.3	26.2	96	12.7	602086.0045
20130819	31	25.6	27.4	90	1.2	742091.734
20130820	33.5	25.2	28.1	85	1.4	794189.7755
20130821	33.1	25	28.5	82	0.2	804141.4623
20130822	31	27.6	29.3	80	0.1	821075.6807
20130823	30	24	27.3	88	37	793037.8089
20130824	28.6	24.9	26.9	91	29.5	742219.1698
20130825	30.2	25.6	27	91	16.1	629861.775
20130826	32.8	25	28.1	85	0.1	764338.8663
20130827	34.8	25.9	29.5	78	0	820413.574
20130828	35.3	26	29.8	74	0	841451.3776
20130829	34.7	26.9	29.9	76	0	857997.0138
20130830	29.5	24.1	27.1	89	51.5	794746.349
20130831	29.6	24.5	26.4	91	8.8	712486.6186
20130901	31.3	24	26.8	85	0.1	583441.7314
20130902	32.5	24.6	27.5	84	1.3	735313.1603
20130903	28.3	24.8	25.8	92	18.7	767486.5788
20130904	25.5	24.3	25	94	18.8	737251.1741
20130905	28	23.4	25.2	86	0.1	734446.7476
20130906	32.4	24.8	27.4	73	0	755975.9739
20130907	33.5	24.4	28.1	70	0	748890.2589
20130908	32.6	25.7	28.4	74	0	658557.6371
20130909	33.2	26.1	28.8	75	0	789068.281
20130910	33.9	25.8	29.4	70	0	831334.038
20130911	33.2	26.1	29	72	1.3	842219.039
20130912	32.5	25.9	28.5	77	0	843269.018
20130913	32.4	26.1	27.9	81	0.3	825713.7996
20130914	33.3	25.3	28.5	77	0	798297.1023
20130915	33.4	26	28.9	76	0.3	710604.2352
20130916	32.8	25.3	28.7	73	1	806267.7443
20130917	32	25.1	28.5	63	0	818783.4043
20130918	31.5	24.6	27.8	64	0	777703.1465
20130919	32.7	25.3	28.6	67	4.5	476664.8732
20130920	34.2	25.5	29.1	72	0	653154.378
20130921	34.1	27	30.6	54	0	774680.411
20130922	31.6	25.8	28.7	65	7.1	736602.2054
20130923	30.2	24.5	26.7	88	69.5	746006.5653
20130924	32.2	26.4	28.8	77	0	812301.0644
20130925	31.4	26.1	28.2	74	0	814859.0693
20130926	28.8	23.9	26.1	77	1.7	782005.4844
20130927	29.6	21.7	25.1	68	0	753597.0177
20130928	28.8	22.9	26	72	0	735984.5945
20130929	26.7	23.7	24.9	72	0	665912.6699
20130930	26.9	22.2	24.2	87	3.5	592115.2086
20131001	32.2	23.9	27.2	75	0	366722.9148
20131002	31.3	24.7	27.8	57	0	359014.3243
20131003	30.5	22.4	26.8	49	0	426820.5669
20131004	29.2	22.8	26	58	0	597533.5307
20131005	29.9	22	25.8	52	0	652159.604
20131006	30.3	21.2	25.8	47	0	624443.4138
20131007	30.7	23.3	26.9	50	0	710183.0567
20131008	28.6	24.3	25.8	59	0	729620.262
20131009	30	23.7	26	71	0.9	746727.4597
20131010	31.3	23.6	26.8	78	0	767377.8752
20131011	32.2	24.6	28	69	0	788055.9744
20131012	32	25.1	28.3	69	0	769312.8885
20131013	31	24.7	27.6	62	0	644294.5119
20131014	28.4	24.2	26.5	66	0	742461.6234
20131015	30.5	24.9	27.4	57	0	763836.7458
20131016	27.1	22.6	24.8	58	0	729237.029
20131017	26.7	21.3	23.9	62	0	719100.2567
20131018	26.3	22	23.9	60	0	711253.5793
20131019	27.5	20.7	23.9	59	0	679477.405
20131020	28.1	20.4	24.2	58	0	570269.3141
20131021	27.9	20.2	24.1	59	0	679316.0572
20131022	28.3	20.9	24.6	56	0	711758.5842
20131023	27.7	20	24	36	0	699955.5003
20131024	27.7	19.6	23.6	31	0	694318.3065
20131025	26.8	20.2	23.6	27	0	684225.1804
20131026	25.2	17	21.2	31	0	645542.9956
20131027	25.7	16.4	20.8	49	0	542766.6755
20131028	27.2	17.2	21.7	61	0	650151.6655
20131029	26.6	19.7	22.7	66	0	683862.1674
20131030	29.2	21.5	24.5	62	0	691031.5663
20131031	29.4	20.6	24.7	65	0	679991.6729
20131101	30.4	20.9	25.3	62	0	675667.8463
20131102	28.1	22.8	25.6	54	0	657505.2818
20131103	27.9	23.7	25.5	61	0	540378.6155
20131104	25.8	19.4	23.1	71	1.1	650602.4857
20131105	23	19	20.9	88	11.4	677902.55
20131106	27.5	20.6	23.2	78	0	688521.9817
20131107	28.2	20.6	24.1	69	0	695742.0541
20131108	28.5	21.9	24.5	73	0	703418.4793
20131109	29.3	21.2	25.2	73	0	678671.0828
20131110	27.2	24.9	26.1	76	0.3	579991.5165
20131111	28.3	23.7	25.6	77	0	684679.727
20131112	24.7	20.1	22.8	81	6.9	693653.1986
20131113	20	16.6	18	89	6.5	670975.6707
20131114	20.9	16.5	18.2	81	0.3	667457.0616
20131115	23.3	16.4	19.4	66	0	664430.6501
20131116	24	15	19.3	65	0	629548.9283
20131117	23.6	16.8	20	48	0	518775.7271
20131118	23.8	16.6	20.3	36	0	628344.2803
20131119	21.9	17.3	19.5	40	0	662671.2123
20131120	22.5	16.6	19.1	55	0	665390.8952
20131121	23.8	16.9	19.9	55	0	666864.7179
20131122	25.8	17.9	21	65	0.4	671210.3198
20131123	26.6	18.5	21.9	70	0	646847.7297
20131124	27.5	19.2	21.6	79	2.9	549720.4736
20131125	21.4	14.7	17.8	45	0	633089.46
20131126	22.7	13.7	17.9	46	0	661483.7673
20131127	20.8	13.9	17.7	74	1.3	669639.7072
20131128	19	11.2	14.7	64	6.7	664132.0663
20131129	17.4	11	14.3	27	0	655312.9152
20131130	19.2	10	14	36	0	604437.7656
20131201	20.8	10.8	15.9	41	0	477821.8198
20131202	22.1	11.9	16.6	38	0	609356.1372
20131203	22.8	11.9	17	49	0	655197.4077
20131204	23.1	12.6	17.6	49	0	659955.6785
20131205	21.4	11.6	16.6	37	0	662232.8991
20131206	21.3	11.7	16.6	47	0	663867.5435
20131207	22.2	12.6	17.1	49	0	636535.89
20131208	23.1	13.6	17.9	61	0	537242.8223
20131209	25.7	17.1	21.1	56	0	631150.2444
20131210	21	15.5	18.6	46	0	655695.5697
20131211	19	15.6	17.5	47	0	659477.3686
20131212	15.7	13.6	14.7	50	0.2	661389.1179
20131213	18.4	13.3	15.6	76	1.8	662971.6094
20131214	17.2	14.8	15.6	90	2.9	639774.4334
20131215	15.2	13.6	14.3	97	57.4	535897.5759
20131216	14	9.7	11	96	26.1	636117.2488
20131217	10.5	8.9	9.6	95	38.4	675322.3127
20131218	12.3	8.2	10	67	0	678774.8644
20131219	14.4	7	10.2	55	0	679294.3742
20131220	15.5	7.3	11.2	59	0	674460.8391
20131221	15.8	10.5	12.7	51	0	650272.6303
20131222	14.8	7.1	11	48	0	557405.4252
20131223	17.3	7.8	12	50	0	645675.8409
20131224	16.7	8.2	12.5	45	0	668124.3863
20131225	16.9	8.8	12.7	46	0	664643.4632
20131226	17.8	8.9	13.1	40	0	665549.2732
20131227	14.9	9.8	12.3	29	0	666408.2838
20131228	13.4	6.2	9.9	29	0	644720.6187
20131229	14.4	6.4	10.2	28	0	584844.373
20131230	17.2	7.4	11.7	40	0	611439.5503
20131231	19	8.6	13.4	37	0	559129.6272
20140101	20.7	9.3	14.3	40	0	344186.0154
20140102	20.3	10.2	15	55	0	555453.597
20140103	23.9	14.4	18.9	64	0	635995.1472
20140104	20.8	14.7	17.9	47	0	629404.9819
20140105	20.1	10.8	15.3	38	0	570426.077
20140106	21.3	11.5	15.8	59	0	625969.015
20140107	22.9	15.3	18.2	67	0	643622.3126
20140108	19.7	14.6	17.5	83	0.7	647208.1392
20140109	15.3	11.6	13.7	59	0	645318.3758
20140110	17.4	11.6	13.9	60	0	643299.7745
20140111	21.6	12.5	15.8	67	0	618657.676
20140112	20	13.1	16	75	0	544999.211
20140113	14.5	9.3	11.8	60	0	613270.0064
20140114	14.9	8	11.3	57	0	627313.1273
20140115	16.5	7.6	11.8	48	0	619577.655
20140116	18.5	8.3	12.7	57	0	608125.9836
20140117	20	9.5	14.2	62	0	593345.1834
20140118	20.1	11.1	15.7	33	0	563306.0509
20140119	17.8	8.8	13.8	35	0	502462.4143
20140120	20.3	10	14.8	42	0	526399.7106
20140121	18.1	10.2	14.4	21	0	513094.0057
20140122	17.1	7.7	12.4	21	0	485846.9276
20140123	18.2	7.3	12.4	42	0	451325.9146
20140124	22.3	9.2	14.5	62	0	403005.708
20140125	22.4	15.1	17.9	71	0	346175.5198
20140126	25.4	16.8	19.7	69	0	300203.4316
20140127	22	15.4	18.2	61	0	276752.178
20140128	21.8	13.1	16.9	66	0	250244.1779
20140129	25.2	13.6	18.2	64	0	218598.512
20140130	25.1	14.1	18.8	63	0	186021.3917
20140131	26.2	14.1	19.8	54	0	165619.0261
20140201	25.5	15.9	20	68	0	167145.4342
20140202	25.8	15.2	20	70	0	171143.3364
20140203	26.7	16.1	21	65	0	188936.7674
20140204	23.5	17.1	19.8	70	0	208548.7176
20140205	22.4	15.9	18.6	72	0	239030.7109
20140206	24.5	17.1	20.1	76	0	265678.828
20140207	24.1	15.5	20.5	82	0.1	322389.5545
20140208	15.1	11.2	12.1	87	0.5	360925.3154
20140209	11.9	9.1	10.8	93	15.4	373992.1535
20140210	9.2	6.4	7.4	69	2.9	454434.4932
20140211	7.4	4.8	5.9	56	0	501330.0203
20140212	6.2	3.9	5.5	78	1.5	530169.9983
20140213	7.3	5.1	6.1	88	8.2	552116.473
20140214	13.5	5.7	8.6	59	0	523363.3204
20140215	9.6	6.6	7.9	66	0	541552.2787
20140216	17	9.6	12.5	73	0	480726.0153
20140217	22.9	13.4	17	78	0	553826.8646
20140218	19.1	8.8	15.1	92	1.2	591539.7536
20140219	9.7	6.5	8.2	77	11.7	612325.5636
20140220	16.9	4	9.7	57	0	614359.3968
20140221	17.2	8.7	12.6	56	0	618104.7808
20140222	14.6	10.8	12.9	70	0.5	602829.1092
20140223	21.9	11.7	15.3	74	1	513648.1378
20140224	24	12.6	17.4	72	0	600098.636
20140225	24.8	16.4	20.1	72	0	626517.1833
20140226	25.7	18.4	21.2	78	0	629871.9592
20140227	25.9	17.1	21	73	0	636600.969
20140228	22.5	17.3	19.5	79	0.8	626026.064
20140301	24.5	18.6	21.1	82	0	587901.2096
20140302	21.9	16.3	18.5	81	0	497420.6629
20140303	17.2	15.3	16.1	87	0.8	610762.8547
20140304	18.4	15.6	16.4	85	0.7	647486.2283
20140305	16.4	13.7	14.9	81	0.5	651810.8544
20140306	18.7	14.2	16.3	80	0.6	656244.4774
20140307	16.8	13.7	14.6	94	3.6	659004.2015
20140308	15.9	14	14.5	92	1.8	632003.4198
20140309	13.9	10.9	12.4	90	2.9	543415.7473
20140310	13.2	10.7	11.9	89	2.7	640297.5154
20140311	16.1	12.5	13.9	89	0	667001.6065
20140312	21.6	15.4	18.1	93	3.4	672123.8058
20140313	22	17.3	19.7	80	8.4	668914.5166
20140314	20	14.9	16.3	50	0	668150.454
20140315	16.3	13.5	14.7	55	0	644507.839
20140316	20.5	14.7	16.8	70	0	526103.2452
20140317	25	16.8	20.3	77	0	636508.3598
20140318	27	19.1	22.3	81	0	677550.0156
20140319	27.4	19.2	22.8	77	0	683527.3546
20140320	27.7	19.3	22.4	76	0	688298.8981
20140321	19.9	13.5	15.4	59	1.7	673872.5699
20140322	20.3	13	15.6	60	0	644079.9043
20140323	24.8	15.2	18.7	56	0	539900.8164
20140324	26.4	14.9	20.1	57	0	642057.4054
20140325	27.3	18.5	22.2	66	0	679177.6781
20140326	28.1	18.5	22.8	74	0	687206.1868
20140327	27.9	19.9	23.6	74	0	694413.2642
20140328	27.6	21.7	24	80	0	699624.0149
20140329	24.2	21	23.1	86	5.8	663147.8625
20140330	22.1	20.2	20.9	95	163.6	539192.911
20140331	21.2	18.8	20	95	95.4	605563.8788
20140401	22.2	18.7	19.9	94	23.5	647752.7569
20140402	22.8	17.9	19.6	91	38.5	663924.1101
20140403	24.9	18.4	20.6	90	81.5	668938.7053
20140404	25.4	19	21.6	77	0	643412.0711
20140405	27.3	16.4	21.3	65	0	379349.4444
20140406	22.2	17.5	19.8	74	23.3	425862.8052
20140407	22.1	17.5	19.5	88	2.3	590703.1111
20140408	22.5	19.3	20.7	90	3	667042.8199
20140409	28.6	20.6	23.7	82	0	689998.518
20140410	26.8	21.3	23.6	78	0	695499.8696
20140411	28.6	20.1	23.6	75	0	665645.5444
20140412	29.1	21.5	24.6	77	0	681836.9463
20140413	32.4	22.5	26.5	74	0	607467.7786
20140414	26.6	24	25.1	79	0	696017.2147
20140415	28.5	21	23.3	67	0	698894.2298
20140416	26.5	21.5	23.5	76	0	702417.9365
20140417	29.7	21.8	25.1	74	0	719675.7767
20140418	29.3	21.6	24.9	78	0	733475.4409
20140419	29.9	21.5	25.4	76	0	710518.7265
20140420	28.9	23.5	25.8	80	0	605964.367
20140421	27.8	24.3	25.8	80	0	712440.0771
20140422	27.4	23.1	24.8	85	0.1	740597.8103
20140423	24.1	20.9	22.8	90	2.5	719008.9174
20140424	25.4	21.7	23.3	85	0	718541.8474
20140425	28.5	22.8	24.9	82	0	729628.6976
20140426	27.3	21.1	23.8	87	19.6	702269.5521
20140427	29.8	20.9	24.4	79	0	620968.9405
20140428	29.2	21.7	24.8	64	0	698609.7862
20140429	27.8	22.1	24.8	65	0	717770.2877
20140430	24.3	19.4	20.8	92	9.6	646678.2039
20140501	24.3	18.4	20.6	90	7.4	349926.4085
20140502	28.6	21.4	24.5	78	0	449913.2736
20140503	31	23.1	26.4	65	0	591552.5576
20140504	25.8	23	23.8	79	3.3	635264.419
20140505	23.4	18	20.4	91	29.1	676422.8031
20140506	20.3	17.5	18.5	95	23.1	684425.4249
20140507	20	18.3	19.2	97	24.2	686910.8824
20140508	24.2	19.5	21.4	96	75.2	695741.3043
20140509	22.3	20.9	21.3	97	53.8	693669.3289
20140510	27.5	21.3	23.7	89	5.3	676157.299
20140511	24.8	22.4	23.6	94	50.4	568433.4749
20140512	28.6	22.5	24.5	93	0.1	669801.7646
20140513	29.7	24.7	26.9	91	5.2	742818.2281
20140514	31	27	28.5	84	0.1	777602.658
20140515	31.8	26.7	28.4	87	3.9	799601.6388
20140516	30.6	25	27.4	92	29.4	798014.6536
20140517	30.9	22.8	26.9	88	30.1	752812.4442
20140518	30.6	23	25.9	92	24.2	612291.7785
20140519	31.9	23.7	26	90	28.3	738722.3057
20140520	29.9	23.1	25.6	92	15.2	761681.1146
20140521	30.8	23.7	26.1	89	0.7	767459.2752
20140522	28.9	22.7	27.3	88	23.4	781700.9117
20140523	25.9	23.1	24.4	97	54.6	749738.233
20140524	31.6	24.3	27.2	86	0.1	744255.9629
20140525	32.5	25.8	28.9	81	0.5	667951.9744
20140526	33.4	25.6	29	81	19.5	807964.7392
20140527	34.2	25.9	29.1	80	0	855818.8961
20140528	33.5	26.4	29.4	76	0	871151.9718
20140529	32.3	24.9	28.3	85	7.6	874055.1219
20140530	32.7	27.1	29.3	80	0.1	867481.2779
20140531	33.6	27.1	30	75	0	804459.1121
20140601	33.9	26.9	30.1	76	0	635181.9005
20140602	33.9	27	30.2	74	0	495257.5092
20140603	32	23.6	27.7	86	5.1	760443.6028
20140604	33.1	24.3	28.6	79	0	851220.5945
20140605	32.6	25.7	29.1	83	10.4	876763.4607
20140606	29.7	23.5	25.6	92	25	825766.7283
20140607	29.8	25	26.6	89	1.4	790083.1318
20140608	34.3	26.1	29.4	75	0	708410.4069
20140609	32.1	25.5	28.7	79	4.9	826848.9516
20140610	32.2	25.7	28	78	17	853190.8143
20140611	29.4	25.4	26.9	88	3.7	835830.7162
20140612	32.3	23.8	27.7	75	1.8	820413.2009
20140613	33.8	25.2	29.5	56	0	835764.3004
20140614	34.3	26.7	30.8	45	0	822803.391
20140615	34	25.7	30.1	63	0	695065.7136
20140616	35.1	28	30.5	77	0.3	858947.1708
20140617	32.4	28	29.7	82	0.4	902832.1583
20140618	32.8	25.4	28.7	86	60.6	893393.1106
20140619	33.1	26.6	29.5	82	1.3	905091.7845
20140620	30.9	26.7	29.1	83	4	895262.1002
20140621	32.6	24.8	28.8	85	43.5	843098.8156
20140622	29.1	25.9	27	90	4	697050.0739
20140623	31.7	26.1	28.1	84	0	822113.3687
20140624	29.8	25.3	27.1	89	16.3	837529.3275
20140625	30.7	25.7	28.1	86	10.7	850550.8954
20140626	33.5	27.7	30.1	78	0.3	878842.7012
20140627	34.4	26.8	30.2	76	0.2	896359.1112
20140628	34.3	27.6	30.6	74	0	869490.8854
20140629	33.7	27.2	30.1	75	0	730492.1136
20140630	32.6	27.4	29.7	76	0.3	823003.6426
20140701	32	26.9	29.2	79	0	847619.1111
20140702	33.2	26.6	29.6	77	0	884309.375
20140703	33.9	27.2	30.4	74	0	911529.07
20140704	34.5	27.5	30.7	71	0	921311.8706
20140705	34.7	28.3	30.9	72	0	894824.5903
20140706	36.1	28.3	31.1	70	0	763349.8101
20140707	35.1	27.8	30.5	72	14.5	898417.3701
20140708	35.7	26.9	29.5	82	4.3	924624.747
20140709	36	26.1	30.1	73	0	920049.1695
20140710	34.5	27.7	30	80	5.6	936279.5747
20140711	31.9	26.5	28.5	86	8.3	909517.5204
20140712	32.7	26.8	28.8	83	0	860687.2553
20140713	33.3	26.7	29.6	79	14.3	723333.1812
20140714	33.3	27.6	30.3	69	0	882856.8742
20140715	33.7	27.3	30.1	67	0	922790.2395
20140716	34.6	27.2	30.3	61	0	919351.1483
20140717	34.1	27.4	30.6	64	0	924817.2842
20140718	31.8	25.6	28.1	78	11.2	884975.2937
20140719	32.9	25.8	28.7	76	0.1	834796.3746
20140720	33.5	26.2	28.9	81	14	719909.4541
20140721	32.2	26.2	28.9	81	5.6	853082.6571
20140722	36	26.7	30.6	72	0	916926.6352
20140723	36.3	28.2	32.1	69	0	953490.4692
20140724	34.4	26.5	31.6	58	0.1	951801.9153
20140725	25.7	24.7				893220.8555
20140726	32.7	26	28.2	85	13.9	846768.2934
20140727	32.2	26.2	27.9	84	16.6	716111.279
20140728	34.6	25.8	29.4	74	0	855160.6361
20140729	35.3	26.7	30.3	71	0	907564.9024
20140730	35.6	27.4	30.9	67	0	920737.3283
20140731	36.1	27.3	31.4	69	0	924239.3544
20140801	36.7	26.1	31.8	68	0.2	909118.2828
20140802	34.6	25.4	29.1	75	2	851220.068
20140803	34.7	24.1	28.7	79	74.7	726841.699
20140804	32.9	26.3	29.5	80	26.1	875023.617
20140805	34.4	27	30.3	74	0	918591.6825
20140806	33.6	27.5	29.8	78	0	913713.9804
20140807	32.4	26.5	28.9	84	5.2	902319.6817
20140808	33.9	26.2	29.9	76	0	908868.343
20140809	33.9	27.2	30.1	75	0	878807.1649
20140810	33.5	27.8	30.1	76	0	744800.3941
20140811	33.7	27.8	29.7	78	0	889607.3479
20140812	33.6	25.7	28.9	84	17.8	911326.3688
20140813	29.6	24.7	26.4	93	6.1	846631.2291
20140814	31.9	26	27.9	87	0.4	848255.7848
20140815	33.9	26.5	29.2	79	0	867721.8286
20140816	32.6	25.6	28.6	77	15.1	836683.3392
20140817	33.4	24.1	28.5	80	26.6	721704.4184
20140818	34	26.6	29.8	74	0	878730.6036
20140819	32.5	25.2	28.5	83	19.9	895136.9517
20140820	26.6	23.9	24.8	95	54.5	807201.1271
20140821	31.9	24	26.9	83	0	825368.3394
20140822	31	25.1	27.5	84	10	841393.7018
20140823	32.9	25.3	28.6	78	0	821693.6096
20140824	33.5	25.7	29.5	68	0	706733.876
20140825	34.7	25.7	29.7	70	0	856920.9962
20140826	34.3	26.3	30	70	0	901535.838
20140827	33.2	26.5	30.1	65	0	907119.7709
20140828	33.2	27.5	30.1	66	0	908981.8658
20140829	34	26.7	29.9	70	0	909384.2929
20140830	34.4	26.4	30.2	68	0	865011.8383
20140831	32.5	25	28.4	76	14.6	705221.355
20140901	33	25.7	27.4	85	23.1	817562.8345
20140902	33.9	25.5	29.1	77	0	879463.4831
20140903	34.8	27	30.2	71	0	909541.3053
20140904	35.1	26.7	30.3	66	0.9	916520.7598
20140905	32.6	25	28	78	2.4	884093.7807
20140906	33.7	24.8	28.7	73	0	821635.1449
20140907	33.6	27.1	29.5	72	0.2	663384.4964
20140908	30.5	25.6	27.8	84	38	472087.3383
20140909	32.2	26	28.4	82	3	750013.2729
20140910	34.2	26.7	29.5	74	0	871885.7324
20140911	34.2	25.9	29.1	77	5.7	892702.8425
20140912	31.5	26.3	27.9	80	7	872610.5153
20140913	31.2	25.8	27.5	85	19.1	840504.642
20140914	34.3	26	29	79	0	740681.6772
20140915	33.6	26.6	29.4	73	9.8	859624.82
20140916	28	25.4	26.5	85	22.1	833156.748
20140917	30.6	25.3	27.5	84	5.8	840064.9615
20140918	33.7	25.5	29	76	0	866717.3144
20140919	34.8	26.6	30.2	71	0	899550.1312
20140920	31.7	26.5	28.5	66	0	841246.851
20140921	27.7	24.5	26.2	63	0	665638.8669
20140922	30.6	23.5	27.1	62	0	786500.7973
20140923	31.6	23.5	27.3	65	1.3	819734.3825
20140924	31.4	24.4	27.7	72	0	839682.8293
20140925	33.5	25.3	28.7	70	0	860253.1402
20140926	33.1	25.4	28.8	70	0	870772.9536
20140927	34	26.9	29.1	70	0	861554.0817
20140928	34	25.5	29.2	69	0	807148.3389
20140929	34.1	26.1	29.6	70	0	859627.5846
20140930	35.2	26.9	30.3	71	0	808354.9765
20141001	32.7	23.9	28.2	74	44.3	460678.4623
20141002	32.8	25.3	29	71	0.2	438298.4268
20141003	33.1	24.4	28.4	72	30.6	502456.726
20141004	31.7	24.3	27.4	73	0.2	629947.7592
20141005	30.4	23.5	27	61	0	663653.9265
20141006	29.6	22.6	26.5	43	0	739413.9856
20141007	28.8	22	25.7	48	0	754197.9332
20141008	28.4	21.3	24.9	56	0	756585.7452
20141009	29.5	23.1	26	50	0	769536.1975
20141010	29.1	22.5	25.7	54	0	766675.0449
20141011	31.2	23.2	26.9	54	0	761115.3203
20141012	30.6	23.3	26.9	51	0	652529.9751
20141013	28.5	22.4	25.5	44	0	732831.149
20141014	27.9	21.4	24.3	49	0	743211.2641
20141015	28.2	19.6	23.9	53	0	738575.5404
20141016	29.3	21.2	24.6	64	0	743432.8158
20141017	28.7	19.8	24.4	59	0	742090.6217
20141018	29.2	20.4	24.6	63	0	718943.0765
20141019	29.9	22.1	25.6	68	0	606599.4466
20141020	30.4	21.9	25.7	72	0	740966.157
20141021	32	24.2	27.2	72	0	799221.4475
20141022	29.7	24.5	26.5	61	0	788573.0279
20141023	26.4	23.4	24.5	58	0	756222.5669
20141024	26.6	22.4	24.2	71	0	752063.578
20141025	28.3	21.3	24.3	76	0	721655.6052
20141026	28.8	22.6	25.2	74	0.1	614479.1206
20141027	31.8	22.9	26.6	66	0	739057.1787
20141028	29.9	21.9	25.8	60	0	758560.4559
20141029	30.3	23.8	26.1	64	0	768785.4768
20141030	29.6	23.2	26	67	0	770064.6706
20141031	30.5	22.2	25.8	74	0	752862.5772
20141101	31.3	22.9	26.2	78	0	697148.659
20141102	25.9	22.7	24.3	77	1.2	550662.0647
20141103	22.6	19.5	20.4	56	0	651101.9441
20141104	24.4	19.9	21.6	58	0	696254.5293
20141105	25.4	21.4	23.3	72	0	714213.3611
20141106	23.9	21.2	22.4	84	0.1	719206.9467
20141107	22.3	17.7	19.8	85	1	705693.5588
20141108	20.2	16.9	18.2	94	9.9	669008.511
20141109	22.5	18.5	19.8	77	0	554945.7058
20141110	23.4	18.6	20.5	82	0	665954.3068
20141111	22.8	19.5	20.7	87	1.7	700296.3823
20141112	20.7	17.8	19.5	87	0.6	698845.2111
20141113	19.6	17.4	18.5	73	0	695074.6737
20141114	21.7	17.2	18.8	71	0	691577.2196
20141115	25.6	18.2	21.1	67	0	657235.8582
20141116	26.5	17.7	21.8	69	0	529910.8073
20141117	23.5	17	20.1	62	0	649529.668
20141118	22.7	15.1	18.6	64	0	688717.6506
20141119	23.2	16.7	19.4	60	0	690811.9154
20141120	24.8	15.9	19.9	64	0	693069.9648
20141121	26.1	17.1	21.1	72	0	694591.4892
20141122	27.8	18	22.3	74	0	672841.5033
20141123	28.5	19.2	23.1	75	0	562946.7906
20141124	28.5	19.4	23.4	75	0	679753.0881
20141125	27.7	19.5	23.4	79	0	713183.9902
20141126	26.8	19	22.5	76	0	709068.7505
20141127	27.7	19.7	23	76	0	708107.25
20141128	26.9	21.6	23.6	80	0	711520.0761
20141129	28.2	22.6	24.8	81	0	677386.1117
20141130	28.3	23	25.2	82	0	534048.5186
20141201	25.6	16.5	19.9	70	0.3	619117.0202
20141202	16.5	12.4	13.9	82	3.6	671865.6256
20141203	17.9	12.8	15.1	92	6	679606.8422
20141204	16.7	10	13.4	79	8.4	688031.0267
20141205	18	11.6	14	48	0	687039.9632
20141206	19.2	12.4	15.2	55	0	656269.4684
20141207	16.8	13.4	14.7	76	0.7	551321.8237
20141208	19.6	11.9	14.9	81	3.2	651209.4297
20141209	22.7	15.4	18.2	64	0	682177.3117
20141210	23.1	16.2	19.4	66	0	686464.0814
20141211	20.1	15.3	17.1	60	0	685497.2376
20141212	16.6	11	13.1	52	0	687159.7212
20141213	16.6	8.2	12.3	38	0	658098.0672
20141214	18.9	9.5	13.7	45	0	535694.5293
20141215	19	13.1	15.5	60	0	646812.8517
20141216	17.5	13.9	15.8	44	0	673407.9036
20141217	15.5	8.8	12.2	24	0	681047.3674
20141218	14.5	7.9	11.2	35	0	687913.3368
20141219	13.1	9.5	11	79	4.7	691404.6768
20141220	18.1	7.5	12	67	0.1	648430.4604
20141221	19.2	11	14.5	55	0	546080.6142
20141222	16.2	7.8	12.2	33	0	646219.1694
20141223	13.4	9.3	11.4	63	0.8	688842.4619
20141224	20.3	10.4	14.3	79	0	681196.0491
20141225	18.7	15.7	17	81	0.6	683725.5935
20141226	18.1	14.3	15.9	86	4.3	679045.4068
20141227	16	13.2	14.3	96	11	663636.1668
20141228	14.5	11	12.6	87	4.8	583535.3397
20141229	18	7.4	11.8	64	0	643876.1376
20141230	19.6	7.6	13.3	59	0	636221.1203
20141231	21.3	9	14.6	62	0	564521.3329
20150101	20.1	11	15.6	44	0	328177.1663
20150102	19.6	9.3	14.1	42	0	463446.3443
20150103	20.8	10.1	14.5	67	0	569665.4856
20150104	22.8	11.6	16.3	70	0	579139.4827
20150105	23.9	16.8	19.7	77	0	644241.5321
20150106	25.3	18.8	21.3	79	0	670296.5377
20150107	22.1	14.6	16.3	74	0	679498.9568
20150108	17.9	10.2	13.9	54	0	674612.4615
20150109	17.4	11.1	14	53	0	680261.9127
20150110	19.9	12	15.4	54	0	656996.309
