时间	最高温度℃	最低温度℃	平均温度℃	相对湿度(平均)	降雨量（mm）
20120101	19.5	12.1	15.8	63	0
20120102	20	13	16	59	0
20120103	18.7	14.2	15.8	72	0
20120104	14.9	9.3	10.9	62	0
20120105	9.2	5.1	6.9	78	2.9
20120106	11	6.3	8.2	92	3.3
20120107	12.4	9.4	10.5	80	0
20120108	16.6	9.9	12.2	75	0
20120109	17.3	9.4	12.4	75	0
20120110	17.1	9.4	13.2	73	0
20120111	16.7	11.6	14.5	68	0.4
20120112	14.8	11.8	13.1	72	1.8
20120113	16.1	11.4	13.3	88	1
20120114	19.2	13.9	15.8	90	2.2
20120115	16.5	13.2	15	99	14.4
20120116	15.3	12	13.4	90	9.5
20120117	17.7	10.8	13.5	74	0
20120118	24.1	13	16.9	74	0
20120119	23.6	16.5	19.2	85	0
20120120	18.5	15.5	16.4	86	0
20120121	16.1	13.8	14.7	90	0
20120122	13.6	7.4	9.7	93	2.5
20120123	8.9	5.2	7	87	7.5
20120124	8	6	6.7	90	1.9
20120125	7.3	4.5	6.1	77	1.3
20120126	7.7	4.5	6.1	86	0.8
20120127	11.4	7	8.7	93	0
20120128	20.2	10.6	13.8	90	0.1
20120129	15.4	10.9	12.8	82	0
20120130	17.9	11.8	13.8	67	0
20120131	17.5	11.1	13.7	57	0
20120201	18	6.5	12	67	0
20120202	15	10.2	12.6	68	0
20120203	10.3	7.1	8.6	76	1.7
20120204	15	8.2	10.7	75	0
20120205	18.9	12.1	14.8	79	0.1
20120206	25.6	14.9	18.5	81	0
20120207	20.5	9.6	12.6	69	11
20120208	11.1	6.8	9	59	0.2
20120209	12.4	5	7.9	61	0.1
20120210	10.8	6.3	9	79	0.1
20120211	9.8	5.2	7	72	0
20120212	13.1	6.6	9.2	79	0
20120213	26.6	10.2	16.6	71	0
20120214	25.2	17	20.2	78	0
20120215	27.5	19.5	22.1	80	0.1
20120216	21.1	10.4	13.9	64	0
20120217	14.6	8.9	10.5	57	0
20120218	15.9	8	10.6	52	0
20120219	16.3	8.1	11.5	47	0
20120220	18.6	8.7	13.8	59	0
20120221	24	14.8	18.2	66	0
20120222	21.8	17.4	19.3	89	11.8
20120223	26.4	19.7	22.1	86	0
20120224	24.2	15.3	20.8	88	7
20120225	15.6	9.6	12.7	83	12.9
20120226	9.8	6.9	8.2	75	2.4
20120227	7	5.3	6	82	1.4
20120228	12.8	5.2	8.2	81	32.1
20120229	13.1	9.2	11	86	7
20120301	17.4	12.1	13.9	87	0
20120302	26.1	15.1	19.1	79	0
20120303	19.7	13.1	15.8	79	0
20120304	22	15.3	17.7	87	1.4
20120305	23.2	18.6	20.4	88	0.1
20120306	21.9	18.7	20	90	1.4
20120307	22	12.8	16.5	91	31
20120308	13.1	11.1	11.9	91	18.5
20120309	11.2	9.2	10.3	79	1.7
20120310	12.1	7.4	9.6	70	0.7
20120311	11	8.2	9.3	82	8.1
20120312	12.5	9.1	10.7	85	4.6
20120313	13	10.7	11.5	87	2
20120314	17.3	11.3	13.6	85	0.5
20120315	23.6	14.4	17.5	84	0.8
20120316	25.8	17.7	20.3	85	0
20120317	28.4	19.4	22.8	80	0
20120318	30	20	24.3	75	0
20120319	27.4	19.8	23.3	78	0
20120320	25.6	19	21.9	74	0
20120321	54.9	19	21.3	79	0
20120322	27.6	18.6	22.3	68	0
20120323	24.4	12.1	19.1	74	0.4
20120324	20.9	11.3	15	46	0.2
20120325	24.3	10.4	16.9	48	0
20120326	25.8	9.9	17.1	53	0
20120327	54.9	10.9	18.3	48	0
20120328	28.1	13.8	20.2	53	0
20120329	27.5	17.3	21.8	57	0
20120330	25.5	18.3	22	69	0
20120331	23.2	18.3	21	61	5.9
20120401	26	17.1	21.1	60	0
20120402	26	18.8	21.7	70	0
20120403	28.2	21.4	24.3	77	0
20120404	27	21.6	23.8	70	0
20120405	22.9	19.8	21.1	88	30.7
20120406	20.5	19.1	19.9	96	26.2
20120407	21.7	17.3	19.2	88	2.4
20120408	20.1	17.2	19	90	8.7
20120409	26.7	17.9	21.1	90	10.7
20120410	29.1	21.2	24.3	81	0
20120411	30.5	22	24.8	81	0
20120412	28.8	22	25.2	81	0
20120413	28.7	21.3	24.6	87	71.4
20120414	29.4	21.9	25	89	1.1
20120415	28.7	24.7	26.1	84	0
20120416	29	22.9	25.3	90	4.7
20120417	23.2	20.5	22.3	91	17.5
20120418	23.1	20.6	21.3	90	3.4
20120419	22.6	20.7	21.7	96	36.3
20120420	21.9	20.7	21.2	97	40.2
20120421	28.5	19.9	23.1	81	0
20120422	30.5	21	24.7	69	0
20120423	27.9	22.6	24.5	79	1.7
20120424	28.4	22.7	26.1	85	3.7
20120425	29.3	23.5	26.9	87	10.2
20120426	28	20.8	24.1	75	4.1
20120427	25.6	20.3	22.7	86	49.3
20120428	27.2	20.5	23.1	90	19.9
20120429	29.8	22.2	26.1	87	16.6
20120430	30.8	26.5	27.9	84	0
20120501	31	26.8	28.5	83	0
20120502	32.3	26.8	28.9	82	0
20120503	30.1	23.7	26.9	89	76.6
20120504	32.5	24.1	27.2	86	4.9
20120505	28.3	23.1	25.6	90	83.5
20120506	30.7	23.6	25.8	85	0.7
20120507	30.5	23.7	26.5	81	0
20120508	31.5	24.9	27.9	80	0
20120509	34	25.5	29.2	77	0
20120510	33.6	23.8	29	78	19.4
20120511	29.2	24.8	26.1	89	13.1
20120512	30.6	23.7	26.6	80	0
20120513	29.6	24.7	26.5	86	24.8
20120514	32.1	24.2	27.6	81	0
20120515	32.5	25.5	28.1	82	4.4
20120516	31.2	23.7	26.4	88	39.7
20120517	29.5	25.1	26.8	87	0.2
20120518	27.4	24.7	25.7	92	3.6
20120519	31	23.5	25.8	89	8
20120520	32.5	24.8	27.3	86	4
20120521	28.6	24.4	26.3	79	2.2
20120522	29.1	23.1	26.1	65	0
20120523	31	23	26.6	64	0
20120524	31.5	23.7	27.4	63	0
20120525	32	25.1	27.9	75	0
20120526	29	26	27	82	0.5
20120527	31.3	25	26.8	85	17.9
20120528	26.8	25.1	25.8	94	1.5
20120529	29.2	24.5	26.5	78	0.1
20120530	31	24.5	27.1	78	16.8
20120531	28.8	24.1	25.8	86	13.7
20120601	30	23.5	26.2	74	0
20120602	30.6	24.5	26.7	78	0.1
20120603	28.3	24.6	26.2	80	0
20120604	31	24.7	27.2	78	0
20120605	32.2	25	28.2	74	0
20120606	32.9	25.5	28.8	72	0
20120607	33.4	25.8	29.1	73	0
20120608	33	26.3	29	76	0
20120609	33.1	26.6	29.3	81	0
20120610	32	26.6	28.9	82	23
20120611	31.3	26.6	28.8	83	11.2
20120612	31.7	25.5	27.9	86	9.8
20120613	30.4	24.9	26.6	89	0.3
20120614	32.2	24.2	27.4	79	0
20120615	32.6	24.2	27.9	80	26.3
20120616	29.2	24.8	26.8	87	2.2
20120617	30.4	24.5	26.6	88	8.5
20120618	31.6	25	27.9	80	1.8
20120619	33	26.2	29.1	73	0
20120620	35.1	26.8	30.1	70	0.1
20120621	30	24.5	27.2	88	64.9
20120622	29.2	25	26.3	93	34.8
20120623	29.1	25.8	27.2	89	8.2
20120624	29	24.6	26.7	91	48.5
20120625	30.1	26.3	28	84	2.9
20120626	30.2	27.3	28.2	84	0.6
20120627	31.8	27	29.1	75	0
20120628	33.9	25.9	28.8	76	0
20120629	35	25.9	29.7	74	0.1
20120630	30.8	24.8	26.9	84	21.6
20120701	31.6	24.6	27.6	80	0.3
20120702	32.2	26	28.7	74	0
20120703	32	25	28.5	75	0
20120704	33.4	25.2	28.5	77	8.6
20120705	30.8	25.6	27.7	84	2.6
20120706	31.4	25.9	27.8	84	0.5
20120707	30.9	25.5	27.8	83	0.1
20120708	30.9	25.5	27.8	82	6.7
20120709	32.9	25.8	29	76	0
20120710	32.5	26.2	29.2	76	0
20120711	33.1	26.8	29.5	76	0
20120712	32.7	26.5	29.5	74	0
20120713	31.9	26.6	28.6	81	8.1
20120714	33.4	26.5	29.4	78	0
20120715	33.2	27.5	30	77	0
20120716	32.2	27.2	29.7	80	0
20120717	32.6	27.9	29.7	77	0
20120718	32.5	25.2	29.1	81	2.6
20120719	34.6	25.8	30	76	1.3
20120720	34.4	27.5	29.9	77	0
20120721	36.4	27.8	31.6	67	0
20120722	33.8	25.4	28.7	81	18
20120723	29.5	26.1	27.7	78	0.5
20120724	27.7	24.6	25.8	93	67.6
20120725	27.5	23.7	25.2	96	57.2
20120726	25.7	23.6	24.5	98	3.9
20120727	27.4	24.1	25.2	94	5.3
20120728	30.9	24.7	26.5	90	0.3
20120729	33	25.1	28.3	81	0
20120730	34.3	25.5	29.3	75	0
20120731	35.8	26.2	30.3	72	0
20120801	36	23.1	30.3	71	26.5
20120802	35.6	27.8	31.9	61	0
20120803	33.9	28	30.9	63	0
20120804	31.3	27.8	29.5	75	0
20120805	31	26.2	28.5	82	1.8
20120806	30.8	24.7	26.9	87	12.3
20120807	34.5	25.8	29.4	79	0.1
20120808	35.1	27.3	31	67	0
20120809	34.2	26.7	29.8	75	0.2
20120810	33.2	26.8	29.6	79	0
20120811	32.9	25.8	28.6	82	0.7
20120812	31	24.7	27.6	86	3
20120813	30.3	24.3	26.4	94	40.7
20120814	32.9	25.3	28.1	86	0.3
20120815	34.9	25.8	30	75	0
20120816	33.6	26.6	29.6	77	0.7
20120817	31.3	25.4	27.7	82	5.1
20120818	30.7	26.6	27.7	87	0
20120819	34	25.8	28.9	82	0
20120820	33.9	26.5	29.4	78	0
20120821	33.6	26.2	29.4	76	0
20120822	31.1	24.2	26.1	92	10.5
20120823	33.4	24.8	28.2	79	0.4
20120824	32.7	26.1	29.2	69	0
20120825	32.8	25.9	29	65	0
20120826	32.5	27.2	30	62	0
20120827	35	26.2	30.7	57	0
20120828	35.8	27.8	31.4	60	0
20120829	33.4	27	29.5	79	3.2
20120830	33.3	24.5	28.9	84	49
20120831	32.2	25.9	28.5	83	5
20120901	32.1	25.5	27.8	80	1.7
20120902	33.2	26	28.8	72	0
20120903	32.3	25.8	28.2	76	0
20120904	32.4	25	28	79	8.2
20120905	32.2	24.8	27.4	82	1.1
20120906	32.4	25.9	28.5	75	0.9
20120907	30.5	26.8	28.2	83	0.1
20120908	33.5	25.5	28.8	79	0
20120909	33.3	26.5	28.9	81	0.4
20120910	33.8	26.2	29.1	78	0
20120911	33.7	26.4	29.8	72	0
20120912	32.4	25.5	28	80	17.3
20120913	33.4	25.4	28.1	79	0
20120914	28.3	23.3	25.1	64	8
20120915	29	22.1	25	60	0
20120916	29.9	21.3	25.8	57	0
20120917	29.6	22.3	26.1	44	0
20120918	30	23.9	26.7	48	0
20120919	29.9	25	27	60	0
20120920	30.1	24.2	26.7	71	0
20120921	32.2	25	28.1	68	0
20120922	33.6	25.8	28.7	70	0
20120923	32.6	26	28.7	78	0
20120924	33	24.5	27.6	87	74.2
20120925	27.4	24.2	25.4	92	5.9
20120926	30	24.4	26.6	82	0
20120927	31.6	24.4	27.7	63	0
20120928	30.4	24.9	27.6	52	0
20120929	29.9	23.7	26.8	53	0
20120930	28.8	21.8	25.5	46	0
20121001	28.8	22.2	25.1	49	0
20121002	29.7	21.9	25.5	62	0
20121003	30.6	21.9	25.5	69	0
20121004	29.9	22.5	25.8	70	0
20121005	30.3	22.7	26	68	0
20121006	30.1	22.8	26.4	67	0
20121007	30.2	24.1	26.8	64	0
20121008	30.5	24	27.2	63	0
20121009	30.8	22.9	26.9	64	0
20121010	29.4	23.6	26.7	49	0
20121011	29	21.6	25.5	48	0
20121012	29.7	21.6	25.4	59	0
20121013	29.7	21.6	25.2	71	0
20121014	30.6	22.6	26	74	0
20121015	30.2	23.5	26.3	76	0
20121016	30.4	23.6	26.3	73	0
20121017	28.1	23.8	25.6	71	0
20121018	25.7	20.5	23.2	47	0
20121019	29.4	20.9	24.7	66	0
20121020	29.8	20.9	24.9	67	0
20121021	30.1	21.6	25	65	0
20121022	30.4	20.9	25.2	66	0
20121023	30.5	22.4	26	70	0
20121024	30	22.4	25.8	67	0
20121025	30.2	22.4	25.6	72	0
20121026	27.3	21.8	24.6	74	3.6
20121027	27.8	22	24.5	80	0.9
20121028	30.8	22.7	26	68	0
20121029	27.9	24.1	25.7	73	0
20121030	26.1	20.7	23	93	14.9
20121031	24	16.8	20	69	9.2
20121101	23.3	15.5	19.6	53	0
20121102	25.7	16	20.6	63	0
20121103	28.4	19.6	22.7	69	0
20121104	26	20.6	23.2	64	0
20121105	25	18.9	22	56	0.2
20121106	26.7	19.5	23	50	0
20121107	25.8	20.1	22.9	66	0
20121108	26.8	20.8	23.4	73	0
20121109	29.1	22.3	25.1	78	0
20121110	30.1	22.4	25.8	78	0
20121111	25.6	17.1	19.8	80	26.8
20121112	20.6	17	18.5	68	0
20121113	26.5	17.7	21.7	71	0
20121114	26.7	20.3	22.7	80	0
20121115	27.3	19.9	23.2	69	0
20121116	25.5	21.8	23.5	74	0.2
20121117	24.2	16.5	19.3	78	10.5
20121118	19.9	17.1	18.4	68	0
20121119	25.7	17.7	21.2	72	0
20121120	22.4	19.3	20.8	80	0.7
20121121	24.1	19.9	21.8	87	0.2
20121122	28.5	21.8	24.6	87	0.1
20121123	25.7	18.9	22.2	80	16.5
20121124	18.9	13.5	15.3	89	19.8
20121125	21.3	16	18.6	94	0.4
20121126	20.8	13.6	17.7	97	5.9
20121127	13	10.8	11.9	96	22.2
20121128	15.7	12.8	14.4	96	1.4
20121129	19.4	15.7	17	95	34.8
20121130	18.4	16.8	17.6	99	19.4
20121201	18.6	16.3	17.1	97	0.3
20121202	18	13.8	15.7	92	10
20121203	16.1	12.8	14	94	NaN
20121204	15.1	11.9	13.2	85	3
20121205	15.3	13.2	14	88	9.6
20121206	17.6	11.3	14.7	65	0.1
20121207	21.9	14.5	17.8	65	0
20121208	21.7	16.7	19	65	0
20121209	22	14.8	18.4	63	0
20121210	21.6	15.7	18.1	71	0
20121211	18.9	14.9	16.6	74	0
20121212	17.7	12.6	14.7	71	0
20121213	22.8	14.9	17.6	71	0
20121214	26.2	16.4	20.5	77	0
20121215	27.2	18.8	22.1	83	0
20121216	28.2	20.2	23.1	83	0
20121217	24.2	20.6	21.7	87	2.9
20121218	21	12.7	16.2	82	3.8
20121219	13.8	9.5	11.6	70	0
20121220	20.3	13.2	15.9	80	0
20121221	24.5	17.8	20.1	85	0
20121222	17.8	12	14.5	80	0
20121223	14	9.1	11.2	56	0
20121224	14.9	5.8	9.7	59	0
20121225	18.5	9.5	13.6	66	0
20121226	20.3	15.1	17.4	65	0
20121227	18.1	14	15.2	85	0.7
20121228	22.6	14.3	17.6	77	0
20121229	22.3	10.2	18.3	80	0.4
20121230	11.9	6.8	8.8	61	3
20121231	12.5	4.1	8.3	28	0
20130101	13.2	8.3	10.7	46	0
20130102	19.1	11.9	14.5	49	0
20130103	16.8	11.9	14.9	64	0
20130104	11.9	6.9	8.6	75	0
20130105	11.8	6.1	8.8	77	0
20130106	13.2	8.7	10.5	73	0
20130107	16.8	9.3	11.9	71	0
20130108	18.5	11.9	14.4	68	0
20130109	15.4	11.3	13.1	63	0
20130110	15.2	9.7	12.1	56	0
20130111	17.2	12.3	14.1	58	0
20130112	18.5	10.4	14	68	0
20130113	19.5	11.6	15.1	68	0
20130114	19	9.4	13.9	60	0
20130115	18.3	10	14	73	0
20130116	22.5	11.8	16.2	70	0
20130117	19.4	13.1	16	69	0
20130118	16.1	11.5	13.5	58	0
20130119	19.1	8.6	13.3	63	0
20130120	20.7	13.4	16.7	70	0
20130121	24.3	17.1	20.1	76	0
20130122	25.3	16.9	20.5	80	0
20130123	21.5	16.3	18.6	72	0
20130124	23.6	15.3	19	75	0
20130125	20.7	14.4	17.3	66	0
20130126	19.4	14.6	17	81	3.8
20130127	20.3	14	16	70	3.2
20130128	20.2	12.4	16.2	67	0
20130129	23.4	14.5	17.8	66	0
20130130	23.6	14.8	18.3	73	0
20130131	24.6	15.3	18.9	64	0
20130201	26.6	16.5	21	67	0
20130202	28.1	18	21.9	68	0
20130203	22.8	18.9	21	71	0
20130204	23.9	19.9	21.5	84	0
20130205	26.6	20.4	22.3	89	2.5
20130206	26.1	20.3	22.3	84	0
20130207	26.4	19.4	22.1	78	0
20130208	21.2	11.7	16	89	3.3
20130209	13	8.3	10.5	73	0
20130210	15.4	10.1	12.2	72	0
20130211	21.7	14.5	16.9	73	0
20130212	21.7	15.6	17.9	74	0
20130213	21.6	12.3	15.5	63	0
20130214	23.5	16.2	18.9	75	0
20130215	23.9	16.4	20.1	77	0
20130216	17.9	14.1	16	73	0
20130217	21.9	16	18	76	0
20130218	24.8	16.6	19.9	83	0
20130219	26.5	16.5	19.8	83	0
20130220	17	13.1	15.2	65	0
20130221	21.5	14.4	17	64	0
20130222	21.2	14.2	17.2	66	0
20130223	19.7	12.7	16	62	0
20130224	22.2	14.3	17.8	69	0
20130225	25.6	18.8	21.6	66	0
20130226	25.3	19.7	22.5	73	0
20130227	26.8	20.6	22.8	83	0
20130228	23	20.4	21.4	84	0
20130301	23.3	18.8	20.7	88	0
20130302	21.8	14.2	18.1	83	0.4
20130303	15.5	11.2	12.9	63	0
20130304	20.9	10	14.4	49	0
20130305	24.2	13	17.9	47	0
20130306	25.6	14.2	19.2	45	0
20130307	26.7	14.7	20.3	56	0
20130308	28.5	16.3	21.9	53	0
20130309	26	16.5	21.6	49	0
20130310	28.4	16.4	21.5	64	0
20130311	26.1	18.1	21.7	68	0
20130312	27.2	17.6	21.6	72	0
20130313	26.7	19.6	22.7	78	0
20130314	22.8	19.7	20.9	73	0
20130315	23.1	18.1	20.2	73	0
20130316	25	17.9	20.9	72	0
20130317	25.2	18.3	21.4	74	0
20130318	26.3	21.4	23.2	84	0
20130319	26.2	22.5	23.6	89	3.5
20130320	25.6	19.3	22.7	90	15.7
20130321	24.6	19.4	21.5	84	0
20130322	27.8	19.6	22.6	78	0
20130323	28.3	21.1	23.5	83	0
20130324	26.8	21.7	23.5	86	1
20130325	24.4	21.1	22.8	81	0
20130326	21.7	18.3	20.3	86	8.5
20130327	21.1	17.2	19.2	88	12.9
20130328	19.6	17.4	18.4	94	38.5
20130329	22.6	17.5	19.7	91	20.7
20130330	21	17.7	19.1	93	53.4
20130331	20.9	18.3	19.4	94	0.3
20130401	25.1	18.7	20.8	85	0.6
20130402	22.8	20.2	21.1	94	8
20130403	21	17.8	19.5	91	19.6
20130404	22.3	18.9	20.5	88	0
20130405	24.2	20.4	21.8	97	13.1
20130406	23.1	16.5	19.5	78	2.5
20130407	19.8	12.8	16.2	51	0
20130408	18.3	16.1	17.1	69	0
20130409	21.9	15.7	18.2	89	23
20130410	19.4	16.5	17.8	88	3.5
20130411	17.7	16	16.8	94	34.9
20130412	21.5	15.3	17.5	78	4
20130413	22.9	15.8	19.3	70	0
20130414	27.1	18.8	21.9	66	0
20130415	29.6	18.7	23.4	68	0
20130416	24	20.5	22.1	88	0.3
20130417	27.1	23.1	24.5	91	2.5
20130418	27.2	23.6	25.1	89	1.3
20130419	28.9	23.9	25.8	89	0.2
20130420	29.9	22.2	25.4	84	1.2
20130421	23.2	19.8	21.1	87	30.4
20130422	22.9	18.7	20.5	86	4.5
20130423	28.1	20.4	23	82	0.1
20130424	29.9	22.3	25	81	0
20130425	30.5	22.3	25.3	86	19.9
20130426	22.5	19.6	20.7	93	13.8
20130427	25.2	19.5	21.5	81	0
20130428	26.6	21.5	23.4	82	0
20130429	28.2	22.8	25.1	82	0
20130430	29.3	21.4	24.4	90	22.9
20130501	26.7	20	22.6	84	0
20130502	21.3	18.3	19.9	69	0.5
20130503	20.9	18	19.3	80	0.5
20130504	21.7	17.7	19.2	90	0.8
20130505	26.9	19.4	22	84	0.9
20130506	27.5	22.5	24.2	84	0
20130507	27.9	22.1	24.7	82	0.6
20130508	24.9	21	23.4	89	112
20130509	30.6	22.4	26	86	2.8
20130510	28.6	22.9	24.9	92	48.1
20130511	30.4	23.1	26.1	83	0
20130512	29.7	24.6	25.9	86	0
20130513	31	23.8	26.5	82	0
20130514	30.8	24.4	26.9	82	0
20130515	31.3	26.3	28.3	82	0
20130516	29.3	23.4	27.3	87	23.9
20130517	29.1	23.8	26.1	91	25.9
20130518	32.4	26	28.7	87	0.5
20130519	32.5	24	29	83	33.7
20130520	30.7	22.9	25.9	92	48.4
20130521	27.6	23.4	25.1	95	7.5
20130522	26.2	23.8	24.8	97	101.4
20130523	30.5	24.4	26.5	88	0
20130524	31.8	24.6	27.6	83	0.3
20130525	28.8	24.4	26.4	89	5.5
20130526	29.6	23.6	26.7	88	8.3
20130527	32	27.3	28.9	84	0
20130528	32.5	26.7	29.4	81	0
20130529	32.2	27.6	29.5	79	2.8
20130530	32.9	26.7	29.4	78	0
20130531	33.8	26.6	29.7	75	0
20130601	33.8	26.2	29.7	74	0
20130602	34.1	26.1	30	72	0
20130603	35	27	29.9	72	0
20130604	32.5	25.1	27.8	83	9.7
20130605	31.3	23.9	26.3	87	21.8
20130606	30.8	24.6	27	84	1.1
20130607	31.9	25.3	28.7	80	1.6
20130608	32.2	27.3	29	81	0.2
20130609	32.5	27.5	29.2	83	0.7
20130610	30.9	24.4	27.5	91	15.7
20130611	26.2	21.6	23.6	91	15.4
20130612	28.3	22.4	24.5	75	0
20130613	27.2	22.9	24.7	76	0.2
20130614	28.2	23.6	25.3	86	2.5
20130615	26.8	24.7	25.6	95	13.5
20130616	30.9	25.4	27.7	86	3.5
20130617	32.1	26.3	28.6	82	0.4
20130618	33.7	26.1	29.4	76	0
20130619	35	26.7	30.1	74	0
20130620	36.3	27.5	31.1	70	0
20130621	35	26.8	30.1	73	3
20130622	30.1	25.3	27.9	82	4.7
20130623	30.1	24.9	27.1	88	16.2
20130624	27.8	24.5	25.8	94	18.6
20130625	31.5	26.4	28.8	83	0.9
20130626	32.3	28	29.7	78	0
20130627	32.4	27.9	29.8	77	0
20130628	32.3	28.1	29.7	78	0
20130629	32.8	28.2	29.9	76	0
20130630	33.9	26.8	29.9	77	4.2
20130701	32	25.2	28.1	78	22.6
20130702	31.9	24.7	27.7	81	4.2
20130703	32.3	26	29	76	0
20130704	32.5	26.3	29.4	72	0
20130705	34	26.9	29.8	71	0
20130706	31.4	26	28.1	81	6
20130707	31.2	25.3	27.6	84	9.3
20130708	31.7	25.1	28.1	78	0.6
20130709	32.7	25.7	28.9	72	0
20130710	32.1	24.8	27.9	79	6
20130711	33.9	25.5	29.3	73	0
20130712	34.7	26.2	30.3	71	0
20130713	35.8	28	31.7	68	0
20130714	32.7	28.8	30.1	76	1.1
20130715	29	23.4	26.6	90	67.4
20130716	27.5	24.1	25.5	93	20
20130717	30.4	24.4	25.9	90	13.4
20130718	32	23.9	26.9	83	0
20130719	31.2	25.9	28.1	80	0
20130720	30.8	25.2	26.7	93	22.2
20130721	32	25	27.5	85	0.5
20130722	33	25	28	82	8
20130723	30.9	25.9	27.7	86	9.7
20130724	28.7	25	26.5	89	14.9
20130725	28.8	24.9	25.9	92	12.9
20130726	27.7	23.8	25.8	91	21.5
20130727	31.5	24.9	26.8	88	15.7
20130728	31.9	24.8	27.3	85	9
20130729	33.2	24.7	28.3	78	0
20130730	34.1	26.3	29.7	73	0
20130731	34	26.6	29.7	71	0
20130801	32.2	24.6	28.3	78	7.6
20130802	30.2	25.5	27.1	84	5.2
20130803	30.2	25.1	26.8	91	7.6
20130804	32.6	25.7	28.9	78	0
20130805	34.2	25.6	29.5	72	0
20130806	34	26	29.9	72	0
20130807	33.2	26.8	29.2	76	0.6
20130808	33.2	26.3	29.3	72	0
20130809	34.8	26.3	30	73	0
20130810	34.6	27.2	29.6	81	0.4
20130811	34.5	24.5	28.8	67	0
20130812	35.1	27.1	30.6	66	0
20130813	30.9	26.3	28.3	82	4.8
20130814	27.7	24.9	25.9	91	20.5
20130815	28.8	25.1	26.9	88	65.4
20130816	27.8	25.1	26.5	93	236.1
20130817	28.7	24.8	26.9	91	27
20130818	28.1	25.3	26.2	96	12.7
20130819	31	25.6	27.4	90	1.2
20130820	33.5	25.2	28.1	85	1.4
20130821	33.1	25	28.5	82	0.2
20130822	31	27.6	29.3	80	0.1
20130823	30	24	27.3	88	37
20130824	28.6	24.9	26.9	91	29.5
20130825	30.2	25.6	27	91	16.1
20130826	32.8	25	28.1	85	0.1
20130827	34.8	25.9	29.5	78	0
20130828	35.3	26	29.8	74	0
20130829	34.7	26.9	29.9	76	0
20130830	29.5	24.1	27.1	89	51.5
20130831	29.6	24.5	26.4	91	8.8
20130901	31.3	24	26.8	85	0.1
20130902	32.5	24.6	27.5	84	1.3
20130903	28.3	24.8	25.8	92	18.7
20130904	25.5	24.3	25	94	18.8
20130905	28	23.4	25.2	86	0.1
20130906	32.4	24.8	27.4	73	0
20130907	33.5	24.4	28.1	70	0
20130908	32.6	25.7	28.4	74	0
20130909	33.2	26.1	28.8	75	0
20130910	33.9	25.8	29.4	70	0
20130911	33.2	26.1	29	72	1.3
20130912	32.5	25.9	28.5	77	0
20130913	32.4	26.1	27.9	81	0.3
20130914	33.3	25.3	28.5	77	0
20130915	33.4	26	28.9	76	0.3
20130916	32.8	25.3	28.7	73	1
20130917	32	25.1	28.5	63	0
20130918	31.5	24.6	27.8	64	0
20130919	32.7	25.3	28.6	67	4.5
20130920	34.2	25.5	29.1	72	0
20130921	34.1	27	30.6	54	0
20130922	31.6	25.8	28.7	65	7.1
20130923	30.2	24.5	26.7	88	69.5
20130924	32.2	26.4	28.8	77	0
20130925	31.4	26.1	28.2	74	0
20130926	28.8	23.9	26.1	77	1.7
20130927	29.6	21.7	25.1	68	0
20130928	28.8	22.9	26	72	0
20130929	26.7	23.7	24.9	72	0
20130930	26.9	22.2	24.2	87	3.5
20131001	32.2	23.9	27.2	75	0
20131002	31.3	24.7	27.8	57	0
20131003	30.5	22.4	26.8	49	0
20131004	29.2	22.8	26	58	0
20131005	29.9	22	25.8	52	0
20131006	30.3	21.2	25.8	47	0
20131007	30.7	23.3	26.9	50	0
20131008	28.6	24.3	25.8	59	0
20131009	30	23.7	26	71	0.9
20131010	31.3	23.6	26.8	78	0
20131011	32.2	24.6	28	69	0
20131012	32	25.1	28.3	69	0
20131013	31	24.7	27.6	62	0
20131014	28.4	24.2	26.5	66	0
20131015	30.5	24.9	27.4	57	0
20131016	27.1	22.6	24.8	58	0
20131017	26.7	21.3	23.9	62	0
20131018	26.3	22	23.9	60	0
20131019	27.5	20.7	23.9	59	0
20131020	28.1	20.4	24.2	58	0
20131021	27.9	20.2	24.1	59	0
20131022	28.3	20.9	24.6	56	0
20131023	27.7	20	24	36	0
20131024	27.7	19.6	23.6	31	0
20131025	26.8	20.2	23.6	27	0
20131026	25.2	17	21.2	31	0
20131027	25.7	16.4	20.8	49	0
20131028	27.2	17.2	21.7	61	0
20131029	26.6	19.7	22.7	66	0
20131030	29.2	21.5	24.5	62	0
20131031	29.4	20.6	24.7	65	0
20131101	30.4	20.9	25.3	62	0
20131102	28.1	22.8	25.6	54	0
20131103	27.9	23.7	25.5	61	0
20131104	25.8	19.4	23.1	71	1.1
20131105	23	19	20.9	88	11.4
20131106	27.5	20.6	23.2	78	0
20131107	28.2	20.6	24.1	69	0
20131108	28.5	21.9	24.5	73	0
20131109	29.3	21.2	25.2	73	0
20131110	27.2	24.9	26.1	76	0.3
20131111	28.3	23.7	25.6	77	0
20131112	24.7	20.1	22.8	81	6.9
20131113	20	16.6	18	89	6.5
20131114	20.9	16.5	18.2	81	0.3
20131115	23.3	16.4	19.4	66	0
20131116	24	15	19.3	65	0
20131117	23.6	16.8	20	48	0
20131118	23.8	16.6	20.3	36	0
20131119	21.9	17.3	19.5	40	0
20131120	22.5	16.6	19.1	55	0
20131121	23.8	16.9	19.9	55	0
20131122	25.8	17.9	21	65	0.4
20131123	26.6	18.5	21.9	70	0
20131124	27.5	19.2	21.6	79	2.9
20131125	21.4	14.7	17.8	45	0
20131126	22.7	13.7	17.9	46	0
20131127	20.8	13.9	17.7	74	1.3
20131128	19	11.2	14.7	64	6.7
20131129	17.4	11	14.3	27	0
20131130	19.2	10	14	36	0
20131201	20.8	10.8	15.9	41	0
20131202	22.1	11.9	16.6	38	0
20131203	22.8	11.9	17	49	0
20131204	23.1	12.6	17.6	49	0
20131205	21.4	11.6	16.6	37	0
20131206	21.3	11.7	16.6	47	0
20131207	22.2	12.6	17.1	49	0
20131208	23.1	13.6	17.9	61	0
20131209	25.7	17.1	21.1	56	0
20131210	21	15.5	18.6	46	0
20131211	19	15.6	17.5	47	0
20131212	15.7	13.6	14.7	50	0.2
20131213	18.4	13.3	15.6	76	1.8
20131214	17.2	14.8	15.6	90	2.9
20131215	15.2	13.6	14.3	97	57.4
20131216	14	9.7	11	96	26.1
20131217	10.5	8.9	9.6	95	38.4
20131218	12.3	8.2	10	67	0
20131219	14.4	7	10.2	55	0
20131220	15.5	7.3	11.2	59	0
20131221	15.8	10.5	12.7	51	0
20131222	14.8	7.1	11	48	0
20131223	17.3	7.8	12	50	0
20131224	16.7	8.2	12.5	45	0
20131225	16.9	8.8	12.7	46	0
20131226	17.8	8.9	13.1	40	0
20131227	14.9	9.8	12.3	29	0
20131228	13.4	6.2	9.9	29	0
20131229	14.4	6.4	10.2	28	0
20131230	17.2	7.4	11.7	40	0
20131231	19	8.6	13.4	37	0
20140101	20.7	9.3	14.3	40	0
20140102	20.3	10.2	15	55	0
20140103	23.9	14.4	18.9	64	0
20140104	20.8	14.7	17.9	47	0
20140105	20.1	10.8	15.3	38	0
20140106	21.3	11.5	15.8	59	0
20140107	22.9	15.3	18.2	67	0
20140108	19.7	14.6	17.5	83	0.7
20140109	15.3	11.6	13.7	59	0
20140110	17.4	11.6	13.9	60	0
20140111	21.6	12.5	15.8	67	0
20140112	20	13.1	16	75	0
20140113	14.5	9.3	11.8	60	0
20140114	14.9	8	11.3	57	0
20140115	16.5	7.6	11.8	48	0
20140116	18.5	8.3	12.7	57	0
20140117	20	9.5	14.2	62	0
20140118	20.1	11.1	15.7	33	0
20140119	17.8	8.8	13.8	35	0
20140120	20.3	10	14.8	42	0
20140121	18.1	10.2	14.4	21	0
20140122	17.1	7.7	12.4	21	0
20140123	18.2	7.3	12.4	42	0
20140124	22.3	9.2	14.5	62	0
20140125	22.4	15.1	17.9	71	0
20140126	25.4	16.8	19.7	69	0
20140127	22	15.4	18.2	61	0
20140128	21.8	13.1	16.9	66	0
20140129	25.2	13.6	18.2	64	0
20140130	25.1	14.1	18.8	63	0
20140131	26.2	14.1	19.8	54	0
20140201	25.5	15.9	20	68	0
20140202	25.8	15.2	20	70	0
20140203	26.7	16.1	21	65	0
20140204	23.5	17.1	19.8	70	0
20140205	22.4	15.9	18.6	72	0
20140206	24.5	17.1	20.1	76	0
20140207	24.1	15.5	20.5	82	0.1
20140208	15.1	11.2	12.1	87	0.5
20140209	11.9	9.1	10.8	93	15.4
20140210	9.2	6.4	7.4	69	2.9
20140211	7.4	4.8	5.9	56	0
20140212	6.2	3.9	5.5	78	1.5
20140213	7.3	5.1	6.1	88	8.2
20140214	13.5	5.7	8.6	59	0
20140215	9.6	6.6	7.9	66	0
20140216	17	9.6	12.5	73	0
20140217	22.9	13.4	17	78	0
20140218	19.1	8.8	15.1	92	1.2
20140219	9.7	6.5	8.2	77	11.7
20140220	16.9	4	9.7	57	0
20140221	17.2	8.7	12.6	56	0
20140222	14.6	10.8	12.9	70	0.5
20140223	21.9	11.7	15.3	74	1
20140224	24	12.6	17.4	72	0
20140225	24.8	16.4	20.1	72	0
20140226	25.7	18.4	21.2	78	0
20140227	25.9	17.1	21	73	0
20140228	22.5	17.3	19.5	79	0.8
20140301	24.5	18.6	21.1	82	0
20140302	21.9	16.3	18.5	81	0
20140303	17.2	15.3	16.1	87	0.8
20140304	18.4	15.6	16.4	85	0.7
20140305	16.4	13.7	14.9	81	0.5
20140306	18.7	14.2	16.3	80	0.6
20140307	16.8	13.7	14.6	94	3.6
20140308	15.9	14	14.5	92	1.8
20140309	13.9	10.9	12.4	90	2.9
20140310	13.2	10.7	11.9	89	2.7
20140311	16.1	12.5	13.9	89	0
20140312	21.6	15.4	18.1	93	3.4
20140313	22	17.3	19.7	80	8.4
20140314	20	14.9	16.3	50	0
20140315	16.3	13.5	14.7	55	0
20140316	20.5	14.7	16.8	70	0
20140317	25	16.8	20.3	77	0
20140318	27	19.1	22.3	81	0
20140319	27.4	19.2	22.8	77	0
20140320	27.7	19.3	22.4	76	0
20140321	19.9	13.5	15.4	59	1.7
20140322	20.3	13	15.6	60	0
20140323	24.8	15.2	18.7	56	0
20140324	26.4	14.9	20.1	57	0
20140325	27.3	18.5	22.2	66	0
20140326	28.1	18.5	22.8	74	0
20140327	27.9	19.9	23.6	74	0
20140328	27.6	21.7	24	80	0
20140329	24.2	21	23.1	86	5.8
20140330	22.1	20.2	20.9	95	163.6
20140331	21.2	18.8	20	95	95.4
20140401	22.2	18.7	19.9	94	23.5
20140402	22.8	17.9	19.6	91	38.5
20140403	24.9	18.4	20.6	90	81.5
20140404	25.4	19	21.6	77	0
20140405	27.3	16.4	21.3	65	0
20140406	22.2	17.5	19.8	74	23.3
20140407	22.1	17.5	19.5	88	2.3
20140408	22.5	19.3	20.7	90	3
20140409	28.6	20.6	23.7	82	0
20140410	26.8	21.3	23.6	78	0
20140411	28.6	20.1	23.6	75	0
20140412	29.1	21.5	24.6	77	0
20140413	32.4	22.5	26.5	74	0
20140414	26.6	24	25.1	79	0
20140415	28.5	21	23.3	67	0
20140416	26.5	21.5	23.5	76	0
20140417	29.7	21.8	25.1	74	0
20140418	29.3	21.6	24.9	78	0
20140419	29.9	21.5	25.4	76	0
20140420	28.9	23.5	25.8	80	0
20140421	27.8	24.3	25.8	80	0
20140422	27.4	23.1	24.8	85	0.1
20140423	24.1	20.9	22.8	90	2.5
20140424	25.4	21.7	23.3	85	0
20140425	28.5	22.8	24.9	82	0
20140426	27.3	21.1	23.8	87	19.6
20140427	29.8	20.9	24.4	79	0
20140428	29.2	21.7	24.8	64	0
20140429	27.8	22.1	24.8	65	0
20140430	24.3	19.4	20.8	92	9.6
20140501	24.3	18.4	20.6	90	7.4
20140502	28.6	21.4	24.5	78	0
20140503	31	23.1	26.4	65	0
20140504	25.8	23	23.8	79	3.3
20140505	23.4	18	20.4	91	29.1
20140506	20.3	17.5	18.5	95	23.1
20140507	20	18.3	19.2	97	24.2
20140508	24.2	19.5	21.4	96	75.2
20140509	22.3	20.9	21.3	97	53.8
20140510	27.5	21.3	23.7	89	5.3
20140511	24.8	22.4	23.6	94	50.4
20140512	28.6	22.5	24.5	93	0.1
20140513	29.7	24.7	26.9	91	5.2
20140514	31	27	28.5	84	0.1
20140515	31.8	26.7	28.4	87	3.9
20140516	30.6	25	27.4	92	29.4
20140517	30.9	22.8	26.9	88	30.1
20140518	30.6	23	25.9	92	24.2
20140519	31.9	23.7	26	90	28.3
20140520	29.9	23.1	25.6	92	15.2
20140521	30.8	23.7	26.1	89	0.7
20140522	28.9	22.7	27.3	88	23.4
20140523	25.9	23.1	24.4	97	54.6
20140524	31.6	24.3	27.2	86	0.1
20140525	32.5	25.8	28.9	81	0.5
20140526	33.4	25.6	29	81	19.5
20140527	34.2	25.9	29.1	80	0
20140528	33.5	26.4	29.4	76	0
20140529	32.3	24.9	28.3	85	7.6
20140530	32.7	27.1	29.3	80	0.1
20140531	33.6	27.1	30	75	0
20140601	33.9	26.9	30.1	76	0
20140602	33.9	27	30.2	74	0
20140603	32	23.6	27.7	86	5.1
20140604	33.1	24.3	28.6	79	0
20140605	32.6	25.7	29.1	83	10.4
20140606	29.7	23.5	25.6	92	25
20140607	29.8	25	26.6	89	1.4
20140608	34.3	26.1	29.4	75	0
20140609	32.1	25.5	28.7	79	4.9
20140610	32.2	25.7	28	78	17
20140611	29.4	25.4	26.9	88	3.7
20140612	32.3	23.8	27.7	75	1.8
20140613	33.8	25.2	29.5	56	0
20140614	34.3	26.7	30.8	45	0
20140615	34	25.7	30.1	63	0
20140616	35.1	28	30.5	77	0.3
20140617	32.4	28	29.7	82	0.4
20140618	32.8	25.4	28.7	86	60.6
20140619	33.1	26.6	29.5	82	1.3
20140620	30.9	26.7	29.1	83	4
20140621	32.6	24.8	28.8	85	43.5
20140622	29.1	25.9	27	90	4
20140623	31.7	26.1	28.1	84	0
20140624	29.8	25.3	27.1	89	16.3
20140625	30.7	25.7	28.1	86	10.7
20140626	33.5	27.7	30.1	78	0.3
20140627	34.4	26.8	30.2	76	0.2
20140628	34.3	27.6	30.6	74	0
20140629	33.7	27.2	30.1	75	0
20140630	32.6	27.4	29.7	76	0.3
20140701	32	26.9	29.2	79	0
20140702	33.2	26.6	29.6	77	0
20140703	33.9	27.2	30.4	74	0
20140704	34.5	27.5	30.7	71	0
20140705	34.7	28.3	30.9	72	0
20140706	36.1	28.3	31.1	70	0
20140707	35.1	27.8	30.5	72	14.5
20140708	35.7	26.9	29.5	82	4.3
20140709	36	26.1	30.1	73	0
20140710	34.5	27.7	30	80	5.6
20140711	31.9	26.5	28.5	86	8.3
20140712	32.7	26.8	28.8	83	0
20140713	33.3	26.7	29.6	79	14.3
20140714	33.3	27.6	30.3	69	0
20140715	33.7	27.3	30.1	67	0
20140716	34.6	27.2	30.3	61	0
20140717	34.1	27.4	30.6	64	0
20140718	31.8	25.6	28.1	78	11.2
20140719	32.9	25.8	28.7	76	0.1
20140720	33.5	26.2	28.9	81	14
20140721	32.2	26.2	28.9	81	5.6
20140722	36	26.7	30.6	72	0
20140723	36.3	28.2	32.1	69	0
20140724	34.4	26.5	31.6	58	0.1
20140725	25.7	24.7			
20140726	32.7	26	28.2	85	13.9
20140727	32.2	26.2	27.9	84	16.6
20140728	34.6	25.8	29.4	74	0
20140729	35.3	26.7	30.3	71	0
20140730	35.6	27.4	30.9	67	0
20140731	36.1	27.3	31.4	69	0
20140801	36.7	26.1	31.8	68	0.2
20140802	34.6	25.4	29.1	75	2
20140803	34.7	24.1	28.7	79	74.7
20140804	32.9	26.3	29.5	80	26.1
20140805	34.4	27	30.3	74	0
20140806	33.6	27.5	29.8	78	0
20140807	32.4	26.5	28.9	84	5.2
20140808	33.9	26.2	29.9	76	0
20140809	33.9	27.2	30.1	75	0
20140810	33.5	27.8	30.1	76	0
20140811	33.7	27.8	29.7	78	0
20140812	33.6	25.7	28.9	84	17.8
20140813	29.6	24.7	26.4	93	6.1
20140814	31.9	26	27.9	87	0.4
20140815	33.9	26.5	29.2	79	0
20140816	32.6	25.6	28.6	77	15.1
20140817	33.4	24.1	28.5	80	26.6
20140818	34	26.6	29.8	74	0
20140819	32.5	25.2	28.5	83	19.9
20140820	26.6	23.9	24.8	95	54.5
20140821	31.9	24	26.9	83	0
20140822	31	25.1	27.5	84	10
20140823	32.9	25.3	28.6	78	0
20140824	33.5	25.7	29.5	68	0
20140825	34.7	25.7	29.7	70	0
20140826	34.3	26.3	30	70	0
20140827	33.2	26.5	30.1	65	0
20140828	33.2	27.5	30.1	66	0
20140829	34	26.7	29.9	70	0
20140830	34.4	26.4	30.2	68	0
20140831	32.5	25	28.4	76	14.6
20140901	33	25.7	27.4	85	23.1
20140902	33.9	25.5	29.1	77	0
20140903	34.8	27	30.2	71	0
20140904	35.1	26.7	30.3	66	0.9
20140905	32.6	25	28	78	2.4
20140906	33.7	24.8	28.7	73	0
20140907	33.6	27.1	29.5	72	0.2
20140908	30.5	25.6	27.8	84	38
20140909	32.2	26	28.4	82	3
20140910	34.2	26.7	29.5	74	0
20140911	34.2	25.9	29.1	77	5.7
20140912	31.5	26.3	27.9	80	7
20140913	31.2	25.8	27.5	85	19.1
20140914	34.3	26	29	79	0
20140915	33.6	26.6	29.4	73	9.8
20140916	28	25.4	26.5	85	22.1
20140917	30.6	25.3	27.5	84	5.8
20140918	33.7	25.5	29	76	0
20140919	34.8	26.6	30.2	71	0
20140920	31.7	26.5	28.5	66	0
20140921	27.7	24.5	26.2	63	0
20140922	30.6	23.5	27.1	62	0
20140923	31.6	23.5	27.3	65	1.3
20140924	31.4	24.4	27.7	72	0
20140925	33.5	25.3	28.7	70	0
20140926	33.1	25.4	28.8	70	0
20140927	34	26.9	29.1	70	0
20140928	34	25.5	29.2	69	0
20140929	34.1	26.1	29.6	70	0
20140930	35.2	26.9	30.3	71	0
20141001	32.7	23.9	28.2	74	44.3
20141002	32.8	25.3	29	71	0.2
20141003	33.1	24.4	28.4	72	30.6
20141004	31.7	24.3	27.4	73	0.2
20141005	30.4	23.5	27	61	0
20141006	29.6	22.6	26.5	43	0
20141007	28.8	22	25.7	48	0
20141008	28.4	21.3	24.9	56	0
20141009	29.5	23.1	26	50	0
20141010	29.1	22.5	25.7	54	0
20141011	31.2	23.2	26.9	54	0
20141012	30.6	23.3	26.9	51	0
20141013	28.5	22.4	25.5	44	0
20141014	27.9	21.4	24.3	49	0
20141015	28.2	19.6	23.9	53	0
20141016	29.3	21.2	24.6	64	0
20141017	28.7	19.8	24.4	59	0
20141018	29.2	20.4	24.6	63	0
20141019	29.9	22.1	25.6	68	0
20141020	30.4	21.9	25.7	72	0
20141021	32	24.2	27.2	72	0
20141022	29.7	24.5	26.5	61	0
20141023	26.4	23.4	24.5	58	0
20141024	26.6	22.4	24.2	71	0
20141025	28.3	21.3	24.3	76	0
20141026	28.8	22.6	25.2	74	0.1
20141027	31.8	22.9	26.6	66	0
20141028	29.9	21.9	25.8	60	0
20141029	30.3	23.8	26.1	64	0
20141030	29.6	23.2	26	67	0
20141031	30.5	22.2	25.8	74	0
20141101	31.3	22.9	26.2	78	0
20141102	25.9	22.7	24.3	77	1.2
20141103	22.6	19.5	20.4	56	0
20141104	24.4	19.9	21.6	58	0
20141105	25.4	21.4	23.3	72	0
20141106	23.9	21.2	22.4	84	0.1
20141107	22.3	17.7	19.8	85	1
20141108	20.2	16.9	18.2	94	9.9
20141109	22.5	18.5	19.8	77	0
20141110	23.4	18.6	20.5	82	0
20141111	22.8	19.5	20.7	87	1.7
20141112	20.7	17.8	19.5	87	0.6
20141113	19.6	17.4	18.5	73	0
20141114	21.7	17.2	18.8	71	0
20141115	25.6	18.2	21.1	67	0
20141116	26.5	17.7	21.8	69	0
20141117	23.5	17	20.1	62	0
20141118	22.7	15.1	18.6	64	0
20141119	23.2	16.7	19.4	60	0
20141120	24.8	15.9	19.9	64	0
20141121	26.1	17.1	21.1	72	0
20141122	27.8	18	22.3	74	0
20141123	28.5	19.2	23.1	75	0
20141124	28.5	19.4	23.4	75	0
20141125	27.7	19.5	23.4	79	0
20141126	26.8	19	22.5	76	0
20141127	27.7	19.7	23	76	0
20141128	26.9	21.6	23.6	80	0
20141129	28.2	22.6	24.8	81	0
20141130	28.3	23	25.2	82	0
20141201	25.6	16.5	19.9	70	0.3
20141202	16.5	12.4	13.9	82	3.6
20141203	17.9	12.8	15.1	92	6
20141204	16.7	10	13.4	79	8.4
20141205	18	11.6	14	48	0
20141206	19.2	12.4	15.2	55	0
20141207	16.8	13.4	14.7	76	0.7
20141208	19.6	11.9	14.9	81	3.2
20141209	22.7	15.4	18.2	64	0
20141210	23.1	16.2	19.4	66	0
20141211	20.1	15.3	17.1	60	0
20141212	16.6	11	13.1	52	0
20141213	16.6	8.2	12.3	38	0
20141214	18.9	9.5	13.7	45	0
20141215	19	13.1	15.5	60	0
20141216	17.5	13.9	15.8	44	0
20141217	15.5	8.8	12.2	24	0
20141218	14.5	7.9	11.2	35	0
20141219	13.1	9.5	11	79	4.7
20141220	18.1	7.5	12	67	0.1
20141221	19.2	11	14.5	55	0
20141222	16.2	7.8	12.2	33	0
20141223	13.4	9.3	11.4	63	0.8
20141224	20.3	10.4	14.3	79	0
20141225	18.7	15.7	17	81	0.6
20141226	18.1	14.3	15.9	86	4.3
20141227	16	13.2	14.3	96	11
20141228	14.5	11	12.6	87	4.8
20141229	18	7.4	11.8	64	0
20141230	19.6	7.6	13.3	59	0
20141231	21.3	9	14.6	62	0
20150101	20.1	11	15.6	44	0
20150102	19.6	9.3	14.1	42	0
20150103	20.8	10.1	14.5	67	0
20150104	22.8	11.6	16.3	70	0
20150105	23.9	16.8	19.7	77	0
20150106	25.3	18.8	21.3	79	0
20150107	22.1	14.6	16.3	74	0
20150108	17.9	10.2	13.9	54	0
20150109	17.4	11.1	14	53	0
20150110	19.9	12	15.4	54	0
20150111	16.6	11.2	14	69	2.6
20150112	14.3	11	12	90	38.2
20150113	14.4	10.2	11.7	91	29.5
20150114	18.1	8.5	12.5	69	0
20150115	17.4	7.9	12.2	64	0
20150116	20.7	9.4	14.7	65	0
20150117	19.4	11.4	15.4	53	0
